0	9.16666666667
1	9.19444444444
2	9.22222222222
3	9.25
4	9.27777777778
5	9.30555555556
6	9.33333333333
7	9.36111111111
8	9.38888888889
9	9.41666666667
10	9.44444444444
11	9.55
12	9.65555555556
13	9.76111111111
14	9.86666666667
15	9.97222222222
16	10.0777777778
17	10.1833333333
18	10.2888888889
19	10.3944444444
20	10.5
21	10.6611111111
22	10.8222222222
23	10.9833333333
24	11.1444444444
25	11.3055555556
26	11.4666666667
27	11.6277777778
28	11.7888888889
29	11.95
30	12.1111111111
31	12.2611111111
32	12.4111111111
33	12.5611111111
34	12.7111111111
35	12.8611111111
36	13.0111111111
37	13.1611111111
38	13.3111111111
39	13.4611111111
40	13.6111111111
41	13.75
42	13.8888888889
43	14.0277777778
44	14.1666666667
45	14.3055555556
46	14.4444444444
47	14.5833333333
48	14.7222222222
49	14.8611111111
50	15.0
51	15.1111111111
52	15.2222222222
53	15.3333333333
54	15.4444444444
55	15.5555555556
56	15.6666666667
57	15.7777777778
58	15.8888888889
59	16.0
60	16.1111111111
61	16.1777777778
62	16.2444444444
63	16.3111111111
64	16.3777777778
65	16.4444444444
66	16.5111111111
67	16.5777777778
68	16.6444444444
69	16.7111111111
70	16.7777777778
71	16.8666666667
72	16.9555555556
73	17.0444444444
74	17.1333333333
75	17.2222222222
76	17.3111111111
77	17.4
78	17.4888888889
79	17.5777777778
80	17.6666666667
81	17.7222222222
82	17.7777777778
83	17.8333333333
84	17.8888888889
85	17.9444444444
86	18.0
87	18.0555555556
88	18.1111111111
89	18.1666666667
90	18.2222222222
91	18.2444444444
92	18.2666666667
93	18.2888888889
94	18.3111111111
95	18.3333333333
96	18.3555555556
97	18.3777777778
98	18.4
99	18.4222222222
100	18.4444444444
101	18.4777777778
102	18.5111111111
103	18.5444444444
104	18.5777777778
105	18.6111111111
106	18.6444444444
107	18.6777777778
108	18.7111111111
109	18.7444444444
110	18.7777777778
111	18.7833333333
112	18.7888888889
113	18.7944444444
114	18.8
115	18.8055555556
116	18.8111111111
117	18.8166666667
118	18.8222222222
119	18.8277777778
120	18.8333333333
121	18.8277777778
122	18.8222222222
123	18.8166666667
124	18.8111111111
125	18.8055555556
126	18.8
127	18.7944444444
128	18.7888888889
129	18.7833333333
130	18.7777777778
131	18.7555555556
132	18.7333333333
133	18.7111111111
134	18.6888888889
135	18.6666666667
136	18.6444444444
137	18.6222222222
138	18.6
139	18.5777777778
140	18.5555555556
141	18.5222222222
142	18.4888888889
143	18.4555555556
144	18.4222222222
145	18.3888888889
146	18.3555555556
147	18.3222222222
148	18.2888888889
149	18.2555555556
150	18.2222222222
151	18.1777777778
152	18.1333333333
153	18.0888888889
154	18.0444444444
155	18.0
156	17.9555555556
157	17.9111111111
158	17.8666666667
159	17.8222222222
160	17.7777777778
161	17.7222222222
162	17.6666666667
163	17.6111111111
164	17.5555555556
165	17.5
166	17.4444444444
167	17.3888888889
168	17.3333333333
169	17.2777777778
170	17.2222222222
171	17.1666666667
172	17.1111111111
173	17.0555555556
174	17.0
175	16.9444444444
176	16.8888888889
177	16.8333333333
178	16.7777777778
179	16.7222222222
180	16.6666666667
181	16.6055555556
182	16.5444444444
183	16.4833333333
184	16.4222222222
185	16.3611111111
186	16.3
187	16.2388888889
188	16.1777777778
189	16.1166666667
190	16.0555555556
191	15.9833333333
192	15.9111111111
193	15.8388888889
194	15.7666666667
195	15.6944444444
196	15.6222222222
197	15.55
198	15.4777777778
199	15.4055555556
200	15.3333333333
201	15.2777777778
202	15.2222222222
203	15.1666666667
204	15.1111111111
205	15.0555555556
206	15.0
207	14.9444444444
208	14.8888888889
209	14.8333333333
210	14.7777777778
211	14.6888888889
212	14.6
213	14.5111111111
214	14.4222222222
215	14.3333333333
216	14.2444444444
217	14.1555555556
218	14.0666666667
219	13.9777777778
220	13.8888888889
221	13.8388888889
222	13.7888888889
223	13.7388888889
224	13.6888888889
225	13.6388888889
226	13.5888888889
227	13.5388888889
228	13.4888888889
229	13.4388888889
230	13.3888888889
231	13.3277777778
232	13.2666666667
233	13.2055555556
234	13.1444444444
235	13.0833333333
236	13.0222222222
237	12.9611111111
238	12.9
239	12.8388888889
240	12.7777777778
241	12.7222222222
242	12.6666666667
243	12.6111111111
244	12.5555555556
245	12.5
246	12.4444444444
247	12.3888888889
248	12.3333333333
249	12.2777777778
250	12.2222222222
251	12.1833333333
252	12.1444444444
253	12.1055555556
254	12.0666666667
255	12.0277777778
256	11.9888888889
257	11.95
258	11.9111111111
259	11.8722222222
260	11.8333333333
261	11.8111111111
262	11.7888888889
263	11.7666666667
264	11.7444444444
265	11.7222222222
266	11.7
267	11.6777777778
268	11.6555555556
269	11.6333333333
270	11.6111111111
271	11.5722222222
272	11.5333333333
273	11.4944444444
274	11.4555555556
275	11.4166666667
276	11.3777777778
277	11.3388888889
278	11.3
279	11.2611111111
280	11.2222222222
281	11.2055555556
282	11.1888888889
283	11.1722222222
284	11.1555555556
285	11.1388888889
286	11.1222222222
287	11.1055555556
288	11.0888888889
289	11.0722222222
290	11.0555555556
291	11.0333333333
292	11.0111111111
293	10.9888888889
294	10.9666666667
295	10.9444444444
296	10.9222222222
297	10.9
298	10.8777777778
299	10.8555555556
300	10.8333333333
301	10.8166666667
302	10.8
303	10.7833333333
304	10.7666666667
305	10.75
306	10.7333333333
307	10.7166666667
308	10.7
309	10.6833333333
310	10.6666666667
311	10.6444444444
312	10.6222222222
313	10.6
314	10.5777777778
315	10.5555555556
316	10.5333333333
317	10.5111111111
318	10.4888888889
319	10.4666666667
320	10.4444444444
321	10.4055555556
322	10.3666666667
323	10.3277777778
324	10.2888888889
325	10.25
326	10.2111111111
327	10.1722222222
328	10.1333333333
329	10.0944444444
330	10.0555555556
331	10.0388888889
332	10.0222222222
333	10.0055555556
334	9.98888888889
335	9.97222222222
336	9.95555555556
337	9.93888888889
338	9.92222222222
339	9.90555555556
340	9.88888888889
341	9.85
342	9.81111111111
343	9.77222222222
344	9.73333333333
345	9.69444444444
346	9.65555555556
347	9.61666666667
348	9.57777777778
349	9.53888888889
350	9.5
351	9.47222222222
352	9.44444444444
353	9.41666666667
354	9.38888888889
355	9.36111111111
356	9.33333333333
357	9.30555555556
358	9.27777777778
359	9.25
360	9.22222222222
361	9.2
362	9.17777777778
363	9.15555555556
364	9.13333333333
365	9.11111111111
366	9.08888888889
367	9.06666666667
368	9.04444444444
369	9.02222222222
370	9.0
371	8.97222222222
372	8.94444444444
373	8.91666666667
374	8.88888888889
375	8.86111111111
376	8.83333333333
377	8.80555555556
378	8.77777777778
379	8.75
380	8.72222222222
381	8.69444444444
382	8.66666666667
383	8.63888888889
384	8.61111111111
385	8.58333333333
386	8.55555555556
387	8.52777777778
388	8.5
389	8.47222222222
390	8.44444444444
391	8.42777777778
392	8.41111111111
393	8.39444444444
394	8.37777777778
395	8.36111111111
396	8.34444444444
397	8.32777777778
398	8.31111111111
399	8.29444444444
400	8.27777777778
401	8.26666666667
402	8.25555555556
403	8.24444444444
404	8.23333333333
405	8.22222222222
406	8.21111111111
407	8.2
408	8.18888888889
409	8.17777777778
410	8.16666666667
411	8.13888888889
412	8.11111111111
413	8.08333333333
414	8.05555555556
415	8.02777777778
416	8.0
417	7.97222222222
418	7.94444444444
419	7.91666666667
