5.169423249261528852e+00
5.216046546102872661e+00
4.989329767965376305e+00
5.173701751134960780e+00
5.264813744026675124e+00
5.095046133235083374e+00
4.963937438112560940e+00
5.201929005031849407e+00
5.040175252173946241e+00
5.286495718980091851e+00
5.083007414407029856e+00
5.110300982285242988e+00
5.156279538211808067e+00
5.231482438683827674e+00
5.123566655349164556e+00
5.129373054648985075e+00
4.980702471784107743e+00
4.950507697432418475e+00
4.989849381652503801e+00
5.062642760900310179e+00
5.072462321679642727e+00
5.001881195334075159e+00
5.085870549000110152e+00
5.049137638610129208e+00
5.320749236061674381e+00
4.990772112354026291e+00
5.023379574438467721e+00
5.162363076458793110e+00
5.007453451408303557e+00
5.175087766827001445e+00
5.343667558643541149e+00
5.255502699486097384e+00
4.977549432261617390e+00
5.092527934550153290e+00
5.178953746637886546e+00
5.117467949485013712e+00
5.154059674161884708e+00
5.120449642191483797e+00
5.179990599467851453e+00
5.079954604269238061e+00
5.316667463720964548e+00
5.035920428539241378e+00
5.203399828696208651e+00
5.181263283017996990e+00
5.077054475826392022e+00
5.135992143264905607e+00
5.110131283036099425e+00
5.010582593070157742e+00
5.115445195563630421e+00
5.228300273043289259e+00
5.099267572337898180e+00
5.076952086799388475e+00
4.987648934605509510e+00
5.083194957104045564e+00
5.113570984645650519e+00
5.270101689627519015e+00
5.090163834644862106e+00
5.085760635013314435e+00
5.146288637235676866e+00
5.153056578173283775e+00
5.107292694629328444e+00
5.090701949925311887e+00
4.970446120456697869e+00
5.105799027131990186e+00
5.063300915807539937e+00
5.036330208390427998e+00
5.103884010971135865e+00
4.958299364280407850e+00
4.980377412952952554e+00
4.878129276584590279e+00
5.273192105999416235e+00
5.119513403718010558e+00
5.248873286137787808e+00
5.197945919348298638e+00
5.156732080254317729e+00
4.960613891231289152e+00
5.166282023207229734e+00
4.942321688733529506e+00
5.112053525349599781e+00
5.078751920230901717e+00
5.145266141522350622e+00
5.113256419595749946e+00
5.067163474742129026e+00
5.070944638234664126e+00
5.077544944388073134e+00
5.220617528263699292e+00
5.080115103905431972e+00
5.171434126461487146e+00
5.061060675096590522e+00
5.072435979478929546e+00
4.994225904396383697e+00
5.092873524090299142e+00
5.158208524255274874e+00
5.082595962667554979e+00
5.074649740671894449e+00
5.076641071778829506e+00
5.091423889243276157e+00
5.066398247275754940e+00
4.980839527838528014e+00
5.248811195484694103e+00
