2.552277530131873196e+00
2.544549343520477347e+00
2.469146387657724873e+00
2.474631841186799353e+00
2.485806218453724181e+00
2.513477992567947350e+00
2.623854906667010933e+00
2.653659743109249902e+00
2.480887926853766690e+00
2.472850582319577217e+00
2.471292831686467295e+00
2.568959275859876268e+00
2.521449052202457519e+00
2.658257983326518303e+00
2.373789617119534512e+00
2.576847604634898037e+00
2.634723830396559219e+00
2.792062572466917914e+00
2.377668506985861185e+00
2.519249450220099273e+00
2.719273326315030381e+00
2.739856839486300988e+00
2.427371030916940065e+00
2.607778887005594015e+00
2.442559654872492381e+00
2.598862604331031889e+00
2.488293598602554724e+00
2.576757077184493649e+00
2.411289537364814883e+00
2.473980291951654475e+00
2.508804612644648380e+00
2.693347517556569315e+00
2.645824966625104580e+00
2.493413299787201165e+00
2.529126263147630560e+00
2.537672929625085949e+00
2.558808522387783224e+00
2.345981565544893677e+00
2.505655763329772689e+00
2.483060813761039043e+00
2.443037822653586044e+00
2.450792719443840362e+00
2.446569155325634348e+00
2.651855616062977372e+00
2.531140531332233934e+00
2.631995108522531712e+00
2.552297896392481391e+00
2.572852026648853041e+00
2.515611415108635729e+00
2.577515635723581333e+00
2.438547218750261703e+00
2.758501012629460014e+00
2.628704027196677284e+00
2.520241621823680944e+00
2.451063688871651713e+00
2.568601640154947408e+00
2.543414495959874788e+00
2.600977937173408083e+00
2.417571349045718243e+00
2.622989586238634097e+00
2.504464078156309892e+00
2.522058606453327023e+00
2.468205369094316204e+00
2.717795686274966371e+00
2.607937529752847539e+00
2.731766278857477914e+00
2.473528999580303367e+00
2.437089194121993874e+00
2.651075812010726729e+00
2.546541438520992351e+00
2.341105562666947026e+00
2.525460624412668054e+00
2.804352128777923614e+00
2.726693008332284229e+00
2.663818779095369127e+00
2.491296945642564875e+00
2.608859802934643923e+00
2.448891950309456167e+00
2.757546163097361003e+00
2.588517644377675175e+00
2.727190283151958550e+00
2.308925295772255915e+00
2.574420384174923804e+00
2.560945717070373995e+00
2.596023230108551960e+00
2.460245687020735872e+00
2.358085974219493508e+00
2.478392154866583486e+00
2.576271503504877991e+00
2.564601892781570580e+00
2.621934153456342287e+00
2.443698144960714025e+00
2.541190024724219398e+00
2.654741972822544316e+00
2.485680770211792900e+00
2.633455480778560176e+00
2.719467804716421799e+00
2.578466964666696448e+00
2.636583657798310387e+00
2.641971924079460354e+00
