2.549998341173810079e+00
2.575089735311665073e+00
2.606228467010339944e+00
2.639987369559800179e+00
2.679927516753334960e+00
2.727131036123425112e+00
2.782808428192264927e+00
2.848280841493544990e+00
2.924947541112299820e+00
3.014231549718980219e+00
3.117498771197340091e+00
3.235947824522105165e+00
3.370471756013070141e+00
3.521499074482204783e+00
3.688829795136315148e+00
3.871490872602460165e+00
4.067641787233444717e+00
4.274561468940644815e+00
4.488739258972410440e+00
4.706074655971865361e+00
4.922166848477360190e+00
5.132652558452449831e+00
5.333537810171399940e+00
5.521470902759199717e+00
5.693919446864049938e+00
5.849237833625199556e+00
5.986634521305099987e+00
6.106064536551249589e+00
6.208079031832600236e+00
6.293661431235899606e+00
6.364072798469850412e+00
6.420719938391799886e+00
6.465052103981250298e+00
6.498486378996699564e+00
6.522358402696400326e+00
6.537893557886399698e+00
6.546193567713450179e+00
6.548233950300749839e+00
6.544868468307700304e+00
6.536837930652049877e+00
6.524781078765549580e+00
6.509246227376549676e+00
6.490702813329400023e+00
6.469552160583050160e+00
6.446137277967999957e+00
6.420751626474250351e+00
6.393646698416450391e+00
6.365038663135900165e+00
6.335113847297000333e+00
6.304033544928599575e+00
6.271937917118799888e+00
6.238949556201600188e+00
6.205176123446349834e+00
6.170712572029749765e+00
6.135643388311749824e+00
6.100043961557600092e+00
6.063982029984400057e+00
6.027518741026299587e+00
5.990709635768300068e+00
5.953605374306749631e+00
5.915954440991649577e+00
5.878184828554050334e+00
5.840286584126600289e+00
5.802289610466149661e+00
5.764222488486150375e+00
5.726112407758449763e+00
5.687985285975149630e+00
5.649865952172249628e+00
5.611777872629800434e+00
5.573743487455650403e+00
5.535783952645250139e+00
5.497919646646299618e+00
5.460169774408449861e+00
5.422552491689000220e+00
5.385085152803900321e+00
5.347784084175949637e+00
5.310664819831849570e+00
5.273741883560349564e+00
5.237029078875900190e+00
5.200539488270999655e+00
5.164285281373899750e+00
5.128278025946849894e+00
5.092528574708000022e+00
5.057047052244749707e+00
5.021842907994850336e+00
4.986924978118079999e+00
4.952301573119284761e+00
4.917980334350089855e+00
4.883968454772939616e+00
4.850272508180280440e+00
4.816898575823180373e+00
4.783852149574959967e+00
4.751138419938414792e+00
4.718762062019925096e+00
4.686727298065704872e+00
4.655037929643665251e+00
4.623697382566055225e+00
4.592708699990314614e+00
4.562074516758819698e+00
4.531797207522879845e+00
4.501878707576585370e+00
4.472320686541965351e+00
4.443124482540690146e+00
4.414291199576174662e+00
4.385821643561604866e+00
4.357716345177159667e+00
4.329975508861115152e+00
4.302599161415995077e+00
4.275587186960144948e+00
4.248939129590990404e+00
4.222654323998040304e+00
4.196731966865664631e+00
4.171171019483835174e+00
4.145970353099849959e+00
4.121128587395729959e+00
4.096644147083995158e+00
4.072515417101969959e+00
4.048740538681959933e+00
4.025317557899890097e+00
4.002244405166464958e+00
3.979518904822055170e+00
3.957138724144880104e+00
3.935101436091439808e+00
3.913404509933345210e+00
3.892045385319580220e+00
3.871021289899554851e+00
3.850329500480745182e+00
3.829967095647834885e+00
3.809931224061764876e+00
3.790218866533240138e+00
3.770826946495479781e+00
3.751752343490195152e+00
3.732991953568050025e+00
3.714542521387349971e+00
3.696400806604704936e+00
3.678563540525344955e+00
3.661027381628255029e+00
3.643789008025905218e+00
3.626845005016274825e+00
3.610192004918654884e+00
3.593826553384650069e+00
3.577745212843610023e+00
3.561944550473500115e+00
3.546421087271640182e+00
3.531171345342809964e+00
3.516191849213309961e+00
3.501479112998719945e+00
3.487029643290750158e+00
3.472839988999814942e+00
3.458906626111279969e+00
3.445226102459244988e+00
3.431794955012189785e+00
3.418609703596954930e+00
3.405666901615144848e+00
3.392963107186684812e+00
3.380494928092485196e+00
3.368258934880319799e+00
3.356251723311470148e+00
3.344469951940059804e+00
3.332910229657005008e+00
3.321569252429204866e+00
3.310443699218344804e+00
3.299530271910310120e+00
3.288825734456914951e+00
3.278326818152525135e+00
3.268030322833714862e+00
3.257933039229679917e+00
3.248031813232635123e+00
3.238323523977309826e+00
3.228805058549315099e+00
3.219473339662965117e+00
3.210325318264460215e+00
3.201358005342445079e+00
3.192568382688250050e+00
3.183953490008235132e+00
3.175510401259010074e+00
3.167236242086159947e+00
3.159128148618799869e+00
3.151183280944759968e+00
3.143398863183819891e+00
3.135772119766340182e+00
3.128300322039089920e+00
3.120980756153119984e+00
3.113810772990929898e+00
3.106787730216415078e+00
3.099909036207470159e+00
3.093172136244790149e+00
3.086574482189424984e+00
3.080113573827024886e+00
3.073786982163924986e+00
3.067592225211530188e+00
3.061526925000630062e+00
3.055588730137650089e+00
3.049775288083535152e+00
3.044084294947639879e+00
3.038513501207090073e+00
3.033060667272195143e+00
3.027723601377879881e+00
3.022500110423664843e+00
3.017388071804484984e+00
3.012385388649229778e+00
3.007489972561355085e+00
3.002699780882890135e+00
2.998012818062504969e+00
2.993427079934220192e+00
2.988940654850595013e+00
2.984551583816459797e+00
2.980258002935524786e+00
2.976058052571679990e+00
2.971949887762229903e+00
2.967931753838064957e+00
2.964001824549875153e+00
2.960158383115989889e+00
2.956399743588140172e+00
2.952724192291865002e+00
2.949130084059945034e+00
2.945615782748309819e+00
2.942179704375360139e+00
2.938820276102589890e+00
2.935535932241499779e+00
2.932325176421009871e+00
2.929186496829295105e+00
2.926118442058490032e+00
2.923119560321575161e+00
2.920188440152594822e+00
2.917323690487000132e+00
2.914523948090939953e+00
2.911787860493849855e+00
2.909114119557615119e+00
2.906501448472984972e+00
2.903948520169635117e+00
2.901454146130525213e+00
2.899017076549924798e+00
2.896636112176615097e+00
2.894310056118134966e+00
2.892037794051114830e+00
2.889818136388179859e+00
2.887649989712524956e+00
2.885532268125095001e+00
2.883463890316429801e+00
2.881443789612129880e+00
2.879470943509029990e+00
2.877544343596415199e+00
2.875662981587950195e+00
2.873825903452869923e+00
2.872032104921350193e+00
2.870280701988760175e+00
2.868570733412365126e+00
2.866901325237274811e+00
2.865271563065964866e+00
2.863680595907529991e+00
2.862127595230624877e+00
2.860611680334295137e+00
2.859132066283864848e+00
2.857687935611799901e+00
2.856278520099854834e+00
2.854903019183570034e+00
2.853560721183594939e+00
2.852250838472274896e+00
2.850972691217775079e+00
2.849725552820149943e+00
2.848508697774350118e+00
2.847321494694905031e+00
2.846163239745535201e+00
2.845033303130520164e+00
2.843931021344315191e+00
2.842855804746879933e+00
2.841806987941899898e+00
2.840784020394314879e+00
2.839786273145960216e+00
2.838813188813285038e+00
2.837864195865650085e+00
2.836938742975755101e+00
2.836036290543990201e+00
2.835156298471274816e+00
2.834298266249609899e+00
2.833461666773129828e+00
2.832646026040860132e+00
2.831850835756275053e+00
2.831075634630979998e+00
2.830319953235135078e+00
2.829583316166750073e+00
2.828865305978430111e+00
2.828165470392470127e+00
2.827483374155970175e+00
2.826818623385579876e+00
2.826170783233905137e+00
2.825539478664839788e+00
2.824924302202870052e+00
2.824324866748099794e+00
2.823740812889779850e+00
2.823171756563175094e+00
2.822617358417180089e+00
2.822077258022519963e+00
2.821551107220459986e+00
2.821038575717405017e+00
2.820539353929174986e+00
2.820053100839055027e+00
2.819579488235925080e+00
2.819118259467524812e+00
2.818669056973245102e+00
2.818231642068159903e+00
2.817805683996775112e+00
2.817390926449895083e+00
2.816987085035650207e+00
2.816593901219909934e+00
2.816211122323764915e+00
2.815838470573590158e+00
2.815475710709955059e+00
2.815122607110594810e+00
2.814778911965194919e+00
2.814444370793359962e+00
2.814118795262785078e+00
2.813801931279510171e+00
2.813493585638235039e+00
2.813193533963274984e+00
2.812901572599920019e+00
2.812617499299645107e+00
2.812341118991290134e+00
2.812072207200294827e+00
2.811810633822934946e+00
2.811556160222389966e+00
2.811308658027119822e+00
2.811067918570529844e+00
2.810833740250600066e+00
2.810606037459370210e+00
2.810384580157244905e+00
2.810169223799114935e+00
2.809959827620344797e+00
2.809756209945089900e+00
2.809558248522519897e+00
2.809365797833695222e+00
2.809178725050085035e+00
2.808996852331374861e+00
2.808820073332415124e+00
2.808648258685519927e+00
2.808481272948844865e+00
2.808318986911769954e+00
2.808161288762970109e+00
2.808008040808939842e+00
2.807859153763600180e+00
2.807714484022719947e+00
2.807573957201990211e+00
2.807437425889054872e+00
2.807304795025510114e+00
2.807175985108489868e+00
2.807050891048379793e+00
2.806929371794100181e+00
2.806811392415795137e+00
2.806696805011525075e+00
2.806585547264794922e+00
2.806477534479975056e+00
2.806372673590694866e+00
2.806270879885619962e+00
2.806172075244745212e+00
2.806076168449109787e+00
2.805983094444595149e+00
2.805892753417059904e+00
2.805805108173000217e+00
2.805720062762225187e+00
2.805637554230400177e+00
2.805557467773795111e+00
2.805479801418389929e+00
2.805404483528965098e+00
2.805331420656535180e+00
2.805260558316934993e+00
2.805191837041804970e+00
2.805125223439360216e+00
2.805060603029884803e+00
2.804997976236764945e+00
2.804937262316780089e+00
2.804878408117695177e+00
2.804821350764540089e+00
2.804766083565689794e+00
2.804712525977210102e+00
2.804660621811319920e+00
2.804610346211824812e+00
2.804561618930459854e+00
2.804514455670115147e+00
2.804468746460799800e+00
2.804424499428984863e+00
2.804381614540699896e+00
2.804340131278129977e+00
2.804299955062734995e+00
2.804261067588779799e+00
2.804223430547919893e+00
2.804187009789724794e+00
2.804151747930839988e+00
2.804117638903380172e+00
2.804084665848915137e+00
2.804052730758665124e+00
2.804021841503680168e+00
2.803991988326985041e+00
2.803963134952795144e+00
2.803935224339340060e+00
2.803908231408799967e+00
2.803882129913155108e+00
2.803856959071064914e+00
2.803832589178830048e+00
2.803809053767894799e+00
2.803786311814345122e+00
2.803764383208104949e+00
2.803743178648215206e+00
2.803722703044725151e+00
2.803702945917625033e+00
2.803683856077970216e+00
2.803665474080344833e+00
2.803647691426820021e+00
2.803630557681704882e+00
2.803614010043160132e+00
2.803598078426440043e+00
2.803582703638470175e+00
2.803567905256345139e+00
2.803553613415974866e+00
2.803539826942124780e+00
2.803526595606160132e+00
2.803513815173639845e+00
2.803501518759444977e+00
2.803489675831639882e+00
2.803478057769805076e+00
