5.099996682347620158e+00
5.150179470623330147e+00
5.212456934020679888e+00
5.279974739119600358e+00
5.359855033506669919e+00
5.454262072246850224e+00
5.565616856384529854e+00
5.696561682987089981e+00
5.849895082224599641e+00
6.028463099437960437e+00
6.234997542394680181e+00
6.471895649044210330e+00
6.740943512026140283e+00
7.042998148964409566e+00
7.377659590272630297e+00
7.742981745204920330e+00
8.135283574466889434e+00
8.549122937881289630e+00
8.977478517944820879e+00
9.412149311943730723e+00
9.844333696954720381e+00
1.026530511690489966e+01
1.066707562034279988e+01
1.104294180551839943e+01
1.138783889372809988e+01
1.169847566725039911e+01
1.197326904261019997e+01
1.221212907310249918e+01
1.241615806366520047e+01
1.258732286247179921e+01
1.272814559693970082e+01
1.284143987678359977e+01
1.293010420796250060e+01
1.299697275799339913e+01
1.304471680539280065e+01
1.307578711577279940e+01
1.309238713542690036e+01
1.309646790060149968e+01
1.308973693661540061e+01
1.307367586130409975e+01
1.304956215753109916e+01
1.301849245475309935e+01
1.298140562665880005e+01
1.293910432116610032e+01
1.289227455593599991e+01
1.284150325294850070e+01
1.278729339683290078e+01
1.273007732627180033e+01
1.267022769459400067e+01
1.260806708985719915e+01
1.254387583423759978e+01
1.247789911240320038e+01
1.241035224689269967e+01
1.234142514405949953e+01
1.227128677662349965e+01
1.220008792311520018e+01
1.212796405996880011e+01
1.205503748205259917e+01
1.198141927153660014e+01
1.190721074861349926e+01
1.183190888198329915e+01
1.175636965710810067e+01
1.168057316825320058e+01
1.160457922093229932e+01
1.152844497697230075e+01
1.145222481551689953e+01
1.137597057195029926e+01
1.129973190434449926e+01
1.122355574525960087e+01
1.114748697491130081e+01
1.107156790529050028e+01
1.099583929329259924e+01
1.092033954881689972e+01
1.084510498337800044e+01
1.077017030560780064e+01
1.069556816835189927e+01
1.062132963966369914e+01
1.054748376712069913e+01
1.047405815775180038e+01
1.040107897654199931e+01
1.032857056274779950e+01
1.025655605189369979e+01
1.018505714941600004e+01
1.011409410448949941e+01
1.004368581598970067e+01
9.973849956236159997e+00
9.904603146238569522e+00
9.835960668700179710e+00
9.767936909545879232e+00
9.700545016360560879e+00
9.633797151646360746e+00
9.567704299149919933e+00
9.502276839876829584e+00
9.437524124039850193e+00
9.373454596131409744e+00
9.310075859287330502e+00
9.247394765132110450e+00
9.185417399980629227e+00
9.124149033517639396e+00
9.063594415045759689e+00
9.003757415153170740e+00
8.944641373083930702e+00
8.886248965081380291e+00
8.828582399152349325e+00
8.771643287123209731e+00
8.715432690354319334e+00
8.659951017722230304e+00
8.605198322831990154e+00
8.551174373920289895e+00
8.497878259181980809e+00
8.445308647996080609e+00
8.393463933731329263e+00
8.342342038967670348e+00
8.291940706199699918e+00
8.242257174791459917e+00
8.193288294167990315e+00
8.145030834203939918e+00
8.097481077363919866e+00
8.050635115799780195e+00
8.004488810332929916e+00
7.959037809644110339e+00
7.914277448289760208e+00
7.870202872182879617e+00
7.826809019866690420e+00
7.784090770639160439e+00
7.742042579799109703e+00
7.700659000961490364e+00
7.659934191295669770e+00
7.619862448123529752e+00
7.580437733066480277e+00
7.541653892990959562e+00
7.503504686980390304e+00
7.465983907136100051e+00
7.429085042774699943e+00
7.392801613209409872e+00
7.357127081050689910e+00
7.322054763256510057e+00
7.287578016051810437e+00
7.253690010032549651e+00
7.220384009837309769e+00
7.187653106769300138e+00
7.155490425687220046e+00
7.123889100947000230e+00
7.092842174543280365e+00
7.062342690685619928e+00
7.032383698426619922e+00
7.002958225997439889e+00
6.974059286581500317e+00
6.945679977999629884e+00
6.917813252222559939e+00
6.890452204918489976e+00
6.863589910024379570e+00
6.837219407193909859e+00
6.811333803230289696e+00
6.785926214373369625e+00
6.760989856184970392e+00
6.736517869760639599e+00
6.712503446622940295e+00
6.688939903880119608e+00
6.665820459314010016e+00
6.643138504858409732e+00
6.620887398436689608e+00
6.599060543820620239e+00
6.577651468913829902e+00
6.556653636305050270e+00
6.536060645667429725e+00
6.515866078459359834e+00
6.496063626465270247e+00
6.476647047954619651e+00
6.457610117098630198e+00
6.438946679325930234e+00
6.420650636528920430e+00
6.402716010684890158e+00
6.385136765376500101e+00
6.367906980016470264e+00
6.351020802518020147e+00
6.334472484172319895e+00
6.318256297237599739e+00
6.302366561889519936e+00
6.286797726367639783e+00
6.271544239532680365e+00
6.256600644078179840e+00
6.241961512306239968e+00
6.227621545981859796e+00
6.213575460432830155e+00
6.199818072414940318e+00
6.186344272489580298e+00
6.173148964378849968e+00
6.160227147654049773e+00
6.147573964327849971e+00
6.135184450423060376e+00
6.123053850001260123e+00
6.111177460275300177e+00
6.099550576167070304e+00
6.088168589895279759e+00
6.077027002414180146e+00
6.066121334544390287e+00
6.055447202755759761e+00
6.045000220847329686e+00
6.034776143608969967e+00
6.024770777298459556e+00
6.014979945122710170e+00
6.005399561765780270e+00
5.996025636125009939e+00
5.986854159868440384e+00
5.977881309701190027e+00
5.969103167632919593e+00
5.960516005871049572e+00
5.952116105143359981e+00
5.943899775524459805e+00
5.935863507676129913e+00
5.928003649099750305e+00
5.920316766231979777e+00
5.912799487176280344e+00
5.905448384583730004e+00
5.898260168119890068e+00
5.891231565496619638e+00
5.884359408750720277e+00
5.877640552205179780e+00
5.871071864482999558e+00
5.864650352842019743e+00
5.858372993658590211e+00
5.852236884116980065e+00
5.846239120643150322e+00
5.840376880305189644e+00
5.834647380974000264e+00
5.829047896181879906e+00
5.823575720987699711e+00
5.818228239115230238e+00
5.813002896945969944e+00
5.807897040339270234e+00
5.802908292261050427e+00
5.798034153099849597e+00
5.793272224353230193e+00
5.788620112236269932e+00
5.784075588102229659e+00
5.779636272776359718e+00
5.775299979425049912e+00
5.771064536250190002e+00
5.766927780632859601e+00
5.762887579224259760e+00
5.758941887018059980e+00
5.755088687192830399e+00
5.751325963175900391e+00
5.747651806905739846e+00
5.744064209842700386e+00
5.740561403977520349e+00
5.737141466824730252e+00
5.733802650474549623e+00
5.730543126131929732e+00
5.727361191815059982e+00
5.724255190461249754e+00
5.721223360668590274e+00
5.718264132567729696e+00
5.715375871223599802e+00
5.712557040199709668e+00
5.709806038367140069e+00
5.707121442367189879e+00
5.704501676944549793e+00
5.701945382435550158e+00
5.699451105640299886e+00
5.697017395548700236e+00
5.694642989389810062e+00
5.692326479491070401e+00
5.690066606261040327e+00
5.687862042688630382e+00
5.685711609493759866e+00
5.683613975883799796e+00
5.681568040788629759e+00
5.679572546291920432e+00
5.677626377626570076e+00
5.675728391731300171e+00
5.673877485951510202e+00
5.672072581087980403e+00
5.670312596942549632e+00
5.668596532499219798e+00
5.666923333546259656e+00
5.665292052081720264e+00
5.663701671512550107e+00
5.662151269261959996e+00
5.660639906470270155e+00
5.659166632333500147e+00
5.657730611956860223e+00
5.656330940784940253e+00
5.654966748311940350e+00
5.653637246771159752e+00
5.652341566467810274e+00
5.651078957329679575e+00
5.649848604405740105e+00
5.648649733496199588e+00
5.647481625779559700e+00
5.646343513126350189e+00
5.645234716834360178e+00
5.644154516045039927e+00
5.643102214440919973e+00
5.642077151434810034e+00
5.641078707858349972e+00
5.640106201678110054e+00
5.639158976471850160e+00
5.638236518935049624e+00
5.637338113946490203e+00
5.636463284136319807e+00
5.635611367993550225e+00
5.634781852899790167e+00
5.633974170071300414e+00
5.633187802439819869e+00
5.632422244647529830e+00
5.631676941147180315e+00
5.630951421419910119e+00
5.630245214221189620e+00
5.629557823930389837e+00
5.628888741586719924e+00
5.628237590525570155e+00
5.627603862559020342e+00
5.626987171276470079e+00
5.626387067926549967e+00
5.625803145199840039e+00
5.625234998599290215e+00
5.624682237982580268e+00
5.624144414400589653e+00
5.623621267645869892e+00
5.623112320444779932e+00
5.622617316054239645e+00
5.622135837141059689e+00
5.621667480501200131e+00
5.621212074918740420e+00
5.620769160314489810e+00
5.620338447598229870e+00
5.619919655240689593e+00
5.619512419890179800e+00
5.619116497045039793e+00
5.618731595667390444e+00
5.618357450100170070e+00
5.617993704662749721e+00
5.617640146664830247e+00
5.617296517371039855e+00
5.616962545897689729e+00
5.616637973823539909e+00
5.616322577525940218e+00
5.616016081617879685e+00
5.615718307527200359e+00
5.615428968045439895e+00
5.615147914403980423e+00
5.614874851778109743e+00
5.614609590051020227e+00
5.614351970216979737e+00
5.614101782096759585e+00
5.613858743588200362e+00
5.613622784831590273e+00
5.613393610023050151e+00
5.613171094529589844e+00
5.612955068959950111e+00
5.612745347181389732e+00
5.612541759771239924e+00
5.612344150489490424e+00
5.612152336898219573e+00
5.611966188889190299e+00
5.611785506834119808e+00
5.611610216346000435e+00
5.611440125524450373e+00
5.611275108460800354e+00
5.611114935547590221e+00
5.610959602836779858e+00
5.610808967057930197e+00
5.610662841313070359e+00
5.610521116633869987e+00
5.610383674083609939e+00
5.610250446878720432e+00
5.610121206059769605e+00
5.609995952473529890e+00
5.609874524633560178e+00
5.609756816235390353e+00
5.609642701529080178e+00
5.609532167131379587e+00
5.609425051954420205e+00
5.609321243622639841e+00
5.609220692423649623e+00
5.609123237860919708e+00
5.609028911340230295e+00
5.608937492921599599e+00
5.608848998857969725e+00
5.608763229081399793e+00
5.608680262556259954e+00
5.608599910125469989e+00
5.608522135177559598e+00
5.608446861095839786e+00
5.608374019579449588e+00
5.608303495861679977e+00
5.608235277806760344e+00
5.608169331697830273e+00
5.608105461517330248e+00
5.608043683007360336e+00
5.607983976653970082e+00
5.607926269905590289e+00
5.607870448678680120e+00
5.607816462817599934e+00
5.607764259826310216e+00
5.607713918142129828e+00
5.607665178357660096e+00
5.607618107535789598e+00
5.607572623628690245e+00
5.607528766416209898e+00
5.607486357296430413e+00
5.607445406089450302e+00
5.607405891835250067e+00
5.607367712155940431e+00
5.607330948160689665e+00
5.607295382853640042e+00
5.607261115363409765e+00
5.607228020086320264e+00
5.607196156852880087e+00
5.607165407276940350e+00
5.607135810512690277e+00
5.607107226831949731e+00
5.607079653884249559e+00
5.607053191212320264e+00
5.607027630347279690e+00
5.607003037518889954e+00
5.606979351663279765e+00
5.606956115539610153e+00
