5.184322944741726502e+00
5.187820330857388917e+00
5.070177334584906603e+00
5.114222424595440408e+00
5.143992792458665697e+00
5.114327259475435206e+00
5.189863185165978443e+00
5.233828966247260794e+00
5.074873280394956332e+00
5.213909602379776409e+00
5.010028464159940853e+00
5.057892070157473441e+00
5.265297681067691471e+00
5.133162871425434481e+00
5.057197625352223724e+00
5.189957528264515396e+00
5.134794302922307097e+00
5.258284372678255991e+00
5.179731584017878809e+00
5.040447220562610298e+00
5.166396544795184731e+00
5.083590325641832663e+00
4.949634988091467847e+00
5.150367989720106898e+00
4.970937620669336532e+00
5.187246431141733893e+00
5.152760565505251300e+00
5.159338823225335879e+00
5.225407983553084001e+00
5.082093868815874771e+00
5.105689360078498495e+00
5.111701739425319246e+00
5.090110409831493321e+00
5.118095122281317799e+00
4.955551951506344643e+00
5.033867920916129890e+00
5.083918354824825236e+00
5.185814227585084701e+00
5.095473274166884892e+00
5.014626958400790535e+00
4.973014903087742411e+00
5.246595735190539678e+00
5.097227636255312611e+00
5.149427719801840553e+00
5.049315773868940482e+00
5.070886654284333162e+00
5.169537720511143242e+00
5.356715003088691418e+00
4.984886850125485047e+00
5.084267101130220290e+00
4.950908617824349989e+00
5.065504667232954894e+00
4.960463574790280994e+00
4.965748274784475669e+00
5.304415579591230667e+00
5.056655653586365595e+00
4.875807081527134379e+00
5.147376496031155213e+00
5.157985807587138538e+00
4.822478577425755475e+00
5.122623690333096391e+00
5.018873186999248226e+00
5.106614110019505937e+00
5.304208646067294808e+00
4.900340504434290700e+00
5.078787731283580520e+00
5.034391360798688986e+00
5.074024066009969580e+00
4.904585640888279308e+00
5.073942875738362446e+00
5.080639200073619577e+00
5.179707753991244168e+00
4.973115561595789380e+00
5.107406424737994222e+00
5.076797935378487558e+00
5.078248698117299398e+00
5.263723841449576391e+00
5.031455013741679139e+00
4.917266019014926215e+00
5.015288769844572947e+00
5.108006716454664087e+00
4.965092338498079627e+00
4.963709354262482165e+00
5.229129880521796281e+00
4.965215990226597320e+00
5.201055634844584219e+00
5.254731351461501276e+00
5.206605001662714116e+00
5.040900020095903322e+00
5.100445921032977559e+00
5.082433452998511569e+00
5.154589711685719777e+00
5.154942071818663152e+00
4.955238751023290256e+00
5.203593768472950742e+00
4.928400226469176637e+00
4.948589513547682728e+00
5.232604272885536645e+00
5.060587001004769547e+00
5.226150486308251075e+00
