9.32000E-09
9.32109E-09
9.48628E-09
9.69128E-09
9.91352E-09
1.01765E-08
1.04872E-08
1.08538E-08
1.12848E-08
1.17895E-08
1.23773E-08
1.30572E-08
1.38370E-08
1.47226E-08
1.57169E-08
1.68185E-08
1.80210E-08
1.93124E-08
2.06746E-08
2.20846E-08
2.35155E-08
2.49381E-08
2.63238E-08
2.76463E-08
2.88835E-08
3.00189E-08
3.10414E-08
3.19459E-08
3.27322E-08
3.34038E-08
3.39672E-08
3.44308E-08
3.48037E-08
3.50955E-08
3.53157E-08
3.54728E-08
3.55751E-08
3.56297E-08
3.56432E-08
3.56210E-08
3.55681E-08
3.54888E-08
3.53865E-08
3.52644E-08
3.51252E-08
3.49710E-08
3.48039E-08
3.46255E-08
3.44371E-08
3.42401E-08
3.40355E-08
3.38242E-08
3.36070E-08
3.33847E-08
3.31578E-08
3.29269E-08
3.26925E-08
3.24551E-08
3.22151E-08
3.19727E-08
3.17285E-08
3.14806E-08
3.12319E-08
3.09824E-08
3.07323E-08
3.04817E-08
3.02308E-08
2.99798E-08
2.97288E-08
2.94781E-08
2.92277E-08
2.89778E-08
2.87285E-08
2.84800E-08
2.82323E-08
2.79857E-08
2.77401E-08
2.74957E-08
2.72526E-08
2.70109E-08
2.67707E-08
2.65320E-08
2.62950E-08
2.60596E-08
2.58261E-08
2.55943E-08
2.53644E-08
2.51365E-08
2.49105E-08
2.46866E-08
2.44648E-08
2.42451E-08
2.40275E-08
2.38121E-08
2.35990E-08
2.33881E-08
2.31795E-08
2.29731E-08
2.27691E-08
2.25674E-08
2.23681E-08
2.21711E-08
2.19766E-08
2.17843E-08
2.15945E-08
2.14071E-08
2.12221E-08
2.10394E-08
2.08592E-08
2.06814E-08
2.05059E-08
2.03329E-08
2.01622E-08
1.99940E-08
1.98280E-08
1.96645E-08
1.95033E-08
1.93445E-08
1.91879E-08
1.90337E-08
1.88818E-08
1.87322E-08
1.85849E-08
1.84398E-08
1.82970E-08
1.81564E-08
1.80179E-08
1.78817E-08
1.77477E-08
1.76158E-08
1.74860E-08
1.73583E-08
1.72327E-08
1.71092E-08
1.69878E-08
1.68683E-08
1.67509E-08
1.66355E-08
1.65220E-08
1.64104E-08
1.63008E-08
1.61931E-08
1.60872E-08
1.59832E-08
1.58810E-08
1.57806E-08
1.56819E-08
1.55851E-08
1.54900E-08
1.53965E-08
1.53048E-08
1.52148E-08
1.51263E-08
1.50395E-08
1.49543E-08
1.48707E-08
1.47886E-08
1.47080E-08
1.46290E-08
1.45514E-08
1.44753E-08
1.44007E-08
1.43274E-08
1.42556E-08
1.41851E-08
1.41160E-08
1.40482E-08
1.39817E-08
1.39165E-08
1.38526E-08
1.37900E-08
1.37285E-08
1.36683E-08
1.36093E-08
1.35514E-08
1.34947E-08
1.34391E-08
1.33846E-08
1.33312E-08
1.32789E-08
1.32277E-08
1.31775E-08
1.31283E-08
1.30801E-08
1.30329E-08
1.29867E-08
1.29414E-08
1.28970E-08
1.28536E-08
1.28111E-08
1.27694E-08
1.27286E-08
1.26887E-08
1.26496E-08
1.26113E-08
1.25739E-08
1.25372E-08
1.25013E-08
1.24662E-08
1.24318E-08
1.23981E-08
1.23652E-08
1.23330E-08
1.23014E-08
1.22706E-08
1.22404E-08
1.22108E-08
1.21819E-08
1.21537E-08
1.21260E-08
1.20990E-08
1.20725E-08
1.20466E-08
1.20213E-08
1.19966E-08
1.19724E-08
1.19487E-08
1.19256E-08
1.19030E-08
1.18809E-08
1.18592E-08
1.18381E-08
1.18174E-08
1.17972E-08
1.17775E-08
1.17582E-08
1.17393E-08
1.17209E-08
1.17029E-08
1.16853E-08
1.16681E-08
1.16513E-08
1.16349E-08
1.16188E-08
1.16032E-08
1.15878E-08
1.15729E-08
1.15583E-08
1.15440E-08
1.15301E-08
1.15164E-08
1.15031E-08
1.14901E-08
1.14775E-08
1.14651E-08
1.14530E-08
1.14412E-08
1.14296E-08
1.14184E-08
1.14074E-08
1.13967E-08
1.13862E-08
1.13760E-08
1.13660E-08
1.13562E-08
1.13467E-08
1.13375E-08
1.13284E-08
1.13196E-08
1.13109E-08
1.13025E-08
1.12943E-08
1.12863E-08
1.12785E-08
1.12709E-08
1.12634E-08
1.12562E-08
1.12491E-08
1.12422E-08
1.12355E-08
1.12289E-08
1.12225E-08
1.12162E-08
1.12101E-08
1.12042E-08
1.11984E-08
1.11928E-08
1.11872E-08
1.11819E-08
1.11766E-08
1.11715E-08
1.11666E-08
1.11617E-08
1.11570E-08
1.11524E-08
1.11479E-08
1.11435E-08
1.11392E-08
1.11351E-08
1.11310E-08
1.11271E-08
1.11233E-08
1.11195E-08
1.11159E-08
1.11123E-08
1.11088E-08
1.11055E-08
1.11022E-08
1.10990E-08
1.10959E-08
1.10928E-08
1.10899E-08
1.10870E-08
1.10842E-08
1.10814E-08
1.10788E-08
1.10762E-08
1.10737E-08
1.10712E-08
1.10688E-08
1.10665E-08
1.10643E-08
1.10620E-08
1.10599E-08
1.10578E-08
1.10558E-08
1.10538E-08
1.10519E-08
1.10500E-08
1.10482E-08
1.10464E-08
1.10447E-08
1.10430E-08
1.10414E-08
1.10398E-08
1.10383E-08
1.10368E-08
1.10353E-08
1.10339E-08
1.10325E-08
1.10312E-08
1.10299E-08
1.10286E-08
1.10274E-08
1.10262E-08
1.10250E-08
1.10239E-08
1.10228E-08
1.10217E-08
1.10207E-08
1.10197E-08
1.10187E-08
1.10177E-08
1.10168E-08
1.10159E-08
1.10150E-08
1.10142E-08
1.10134E-08
1.10126E-08
1.10118E-08
1.10110E-08
1.10103E-08
1.10096E-08
1.10089E-08
1.10082E-08
1.10076E-08
1.10070E-08
1.10063E-08
1.10058E-08
1.10052E-08
1.10046E-08
1.10041E-08
1.10035E-08
1.10030E-08
1.10025E-08
1.10021E-08
1.10016E-08
1.10011E-08
1.10007E-08
1.10003E-08
1.09999E-08
1.09995E-08
1.09991E-08
1.09987E-08
1.09983E-08
1.09980E-08
1.09976E-08
1.09973E-08
1.09970E-08
1.09967E-08
1.09964E-08
1.09961E-08
1.09958E-08
1.09955E-08
1.09953E-08
1.09950E-08
1.09948E-08
1.09945E-08
1.09943E-08
1.09941E-08
1.09938E-08
1.09936E-08
1.09934E-08
1.09932E-08
1.09930E-08
1.09929E-08
1.09927E-08
1.09925E-08
1.09923E-08
1.09922E-08
1.09920E-08
1.09919E-08
1.09917E-08
1.09916E-08
1.09915E-08
1.09913E-08
1.09912E-08
1.09911E-08
1.09910E-08
1.09909E-08
1.09907E-08
1.09906E-08
1.09905E-08
1.09904E-08
1.09904E-08
1.09903E-08
1.09902E-08
1.09901E-08
1.09900E-08
1.09899E-08