9.320000000004789452e-09
9.321088787862849748e-09
9.486276108211220150e-09
9.691275297934100506e-09
9.913524717470889324e-09
1.017646751924720053e-08
1.048722826758340045e-08
1.085377610744960072e-08
1.128480858408459999e-08
1.178953809758189963e-08
1.237733221234330054e-08
1.305718392382219924e-08
1.383698426781060069e-08
1.472261247394769955e-08
1.571688886572330007e-08
1.681849841171140063e-08
1.802103344803320069e-08
1.931237740969040005e-08
2.067461794233690085e-08
2.208464127791209922e-08
2.351545208483970106e-08
2.493807815047279887e-08
2.632379418321979945e-08
2.764630743842879980e-08
2.888354963137349929e-08
3.001885219870480212e-08
3.104137754075000010e-08
3.194591931004769944e-08
3.273217727556889981e-08
3.340378166569080219e-08
3.396720683046650003e-08
3.443075472537189781e-08
3.480368772382210007e-08
3.509554497089360134e-08
3.531565666432909817e-08
3.547281624148650284e-08
3.557509048434320145e-08
3.562973406837890188e-08
3.564316614744869983e-08
3.562100862418190182e-08
3.556814061384399888e-08
3.548876644642919713e-08
3.538649272028600225e-08
3.526441315316430250e-08
3.512517047651660210e-08
3.497101991826700071e-08
3.480389525695600234e-08
3.462545272432939789e-08
3.443711323988949690e-08
3.424010571005020126e-08
3.403549093537189671e-08
3.382419232657250129e-08
3.360701577979019706e-08
3.338467075516600193e-08
3.315778190098359697e-08
3.292690831574600155e-08
3.269254216970790148e-08
3.245513059295400313e-08
3.221507608695880319e-08
3.197274807996160121e-08
3.172847430692869835e-08
3.148060300819250098e-08
3.123194930352649932e-08
3.098244785855610190e-08
3.073229813957290043e-08
3.048168582359370273e-08
3.023079143782909777e-08
2.997978504718270184e-08
2.972882897380160129e-08
2.947807934188800084e-08
2.922768319123269978e-08
2.897777862346610023e-08
2.872850203299380150e-08
2.847997907457160030e-08
2.823232877434369947e-08
2.798566460427799835e-08
2.774009629850309906e-08
2.749572347531870040e-08
2.725264494308459908e-08
2.701094937013590118e-08
2.677072353853879953e-08
2.653204607478480069e-08
2.629499479122030154e-08
2.605964164554819882e-08
2.582605095656220046e-08
2.559428762522809857e-08
2.536440790368889863e-08
2.513646753192449909e-08
2.491051640994300069e-08
2.468660152598739930e-08
2.446476744865960065e-08
2.424505158571789917e-08
2.402749372344859926e-08
2.381212551154369956e-08
2.359897793035069894e-08
2.338807948854489971e-08
2.317945528526200045e-08
2.297312765209200111e-08
2.276911537424270149e-08
2.256743762773939932e-08
2.236810997767860149e-08
2.217114203804059980e-08
2.197655021313710157e-08
2.178433904643210012e-08
2.159451732744460116e-08
2.140709051890829839e-08
2.122206126001680009e-08
2.103943180395489874e-08
2.085920126966139875e-08
2.068137074209979973e-08
2.050593486878359918e-08
2.033289120291000077e-08
2.016223297381419843e-08
1.999395506466849965e-08
1.982804819724569974e-08
1.966450364220649866e-08
1.950331279700580119e-08
1.934446299103210126e-08
1.918794327331559974e-08
1.903373921977390126e-08
1.888183907382849835e-08
1.873222796639250053e-08
1.858488892261499881e-08
1.843980883711510136e-08
1.829696862192250133e-08
1.815635246704410080e-08
1.801794160742160096e-08
1.788171948676410021e-08
1.774766449586790041e-08
1.761575965735909904e-08
1.748598528134309893e-08
1.735832046772879934e-08
1.723274377611010136e-08
1.710923631490269975e-08
1.698777610708000041e-08
1.686834185264009898e-08
1.675091137730819956e-08
1.663546310901780073e-08
1.652197584069269979e-08
1.641042659565889960e-08
1.630079257245000019e-08
1.619305169366180110e-08
1.608718154895400152e-08
1.598315869105089926e-08
1.588096132095550012e-08
1.578056569503189999e-08
1.568194961338309894e-08
1.558508937038529854e-08
1.548996251498350134e-08
1.539654597208949977e-08
1.530481697527979835e-08
1.521475188353470148e-08
1.512632928128189867e-08
1.503952497063220153e-08
1.495431758624689951e-08
1.487068266318359984e-08
1.478859965644640037e-08
1.470804427646109929e-08
1.462899644937490080e-08
1.455143156565739922e-08
1.447532882451939972e-08
1.440066667992449926e-08
1.432742233078069965e-08
1.425557478258890080e-08
1.418510245486629994e-08
1.411598352581500015e-08
1.404819689755590069e-08
1.398172259367020052e-08
1.391653851460000079e-08
1.385262475449609922e-08
1.378996056572269958e-08
1.372852591492899983e-08
1.366830100106590034e-08
1.360926508200380046e-08
1.355139959490829971e-08
1.349468395555400040e-08
1.343909969099690082e-08
1.338462738100150008e-08
1.333124817485600077e-08
1.327894374562989937e-08
1.322769564289829957e-08
1.317748571181360039e-08
1.312829603524240079e-08
1.308010744192840037e-08
1.303290443364419923e-08
1.298666919959309946e-08
1.294138351918360024e-08
1.289703202843920058e-08
1.285359669563570010e-08
1.281106165589640016e-08
1.276941122199379987e-08
1.272862854236589974e-08
1.268869821878820001e-08
1.264960460372619932e-08
1.261133191947370054e-08
1.257386591574799940e-08
1.253719107807860012e-08
1.250129278477029924e-08
1.246615640955379957e-08
1.243176804357169964e-08
1.239811309972949960e-08
1.236517873443169998e-08
1.233295002227729997e-08
1.230141422307249931e-08
1.227055791710379966e-08
1.224036847995600003e-08
1.221083186089500045e-08
1.218193632641240044e-08
1.215366998115550037e-08
1.212602003469170040e-08
1.209897463881729968e-08
1.207252156479789934e-08
1.204664880702640051e-08
1.202134588571359985e-08
1.199660111231100025e-08
1.197240358016309971e-08
1.194874193299669995e-08
1.192560581907909995e-08
1.190298511757830038e-08
1.188086819331690011e-08
1.185924600752379945e-08
1.183810793726309975e-08
1.181744517838099992e-08
1.179724647036940001e-08
1.177750371774139982e-08
1.175820667632660026e-08
1.173934721574699920e-08
1.172091532234499947e-08
1.170290239034569975e-08
1.168530022456359960e-08
1.166809999287209973e-08
1.165129280929010047e-08
1.163487136336400027e-08
1.161882671621179936e-08
1.160315208334070017e-08
1.158783857605810000e-08
1.157287951321910068e-08
1.155826645840720044e-08
1.154399270494270029e-08
1.153005068184989973e-08
1.151643390002640000e-08
1.150313449427919939e-08
1.149014622562539953e-08
1.147746295500539923e-08
1.146507710314289939e-08
1.145298242438899956e-08
1.144117351998799933e-08
1.142964325257650056e-08
1.141838567676009990e-08
1.140739520905329932e-08
1.139666592516360065e-08
1.138619169365169989e-08
1.137596769952949972e-08
1.136598801247439994e-08
1.135624690369600034e-08
1.134673988190400013e-08
1.133746110889000017e-08
1.132840581603969969e-08
1.131956860618469998e-08
1.131094486871689957e-08
1.130253054398649995e-08
1.129432045256050003e-08
1.128630873313600012e-08
1.127849322647350045e-08
1.127086767330610043e-08
1.126342912817949986e-08
1.125617226948609998e-08
1.124909390029060063e-08
1.124218873181840020e-08
1.123545417950860066e-08
1.122888554003690060e-08
1.122247921173870046e-08
1.121623185523440018e-08
1.121013923209639993e-08
1.120419774672439946e-08
1.119840427919459963e-08
1.119275592803790028e-08
1.118724800550840001e-08
1.118187858019620077e-08
1.117664313270760003e-08
1.117153970875909944e-08
1.116656435971010043e-08
1.116171519639809943e-08
1.115698822903390033e-08
1.115238065249679930e-08
1.114789012498639959e-08
1.114351401421460019e-08
1.113924909455700071e-08
1.113509272670650038e-08
1.113104294741449993e-08
1.112709662427520028e-08
1.112325146209920026e-08
1.111950473896270056e-08
1.111585556440680077e-08
1.111229988069759994e-08
1.110883557348899963e-08
1.110546117881729976e-08
1.110217514378389933e-08
1.109897372238410018e-08
1.109585594919730076e-08
1.109281958367300075e-08
1.108986197007700047e-08
1.108698235352690005e-08
1.108417811445790021e-08
1.108144749160959981e-08
1.107878897019299997e-08
1.107619996560790001e-08
1.107368002985860060e-08
1.107122713938359919e-08
1.106883866354169976e-08
1.106651423409700003e-08
1.106425164415369984e-08
1.106204926043429948e-08
1.105990587513670033e-08
1.105781981297889985e-08
1.105578987549009985e-08
1.105381414988919956e-08
1.105189227524719990e-08
1.105002201595179935e-08
1.104820282792830005e-08
1.104643204884570059e-08
1.104470992333660057e-08
1.104303495902399991e-08
1.104140564998390026e-08
1.103982038111159930e-08
1.103827914686940076e-08
1.103677960497559963e-08
1.103532175448830024e-08
1.103390426180860029e-08
1.103252560787050069e-08
1.103118493730919970e-08
1.102988160396819929e-08
1.102861482685119952e-08
1.102738303297039987e-08
1.102618592642490039e-08
1.102502187879110050e-08
1.102389106886539986e-08
1.102279150952520003e-08
1.102172332969010011e-08
1.102068514032190042e-08
1.101967592298060075e-08
1.101869570939209972e-08
1.101774370915029922e-08
1.101681792099570031e-08
1.101591936009320070e-08
1.101504585657980017e-08
1.101419810159140005e-08
1.101337462578120076e-08
1.101257447569719945e-08
1.101179769859929997e-08
1.101104367229759969e-08
1.101031107559580013e-08
1.100960016954669949e-08
1.100890987080709938e-08
1.100823943063510077e-08
1.100758931826949960e-08
1.100695805761049963e-08
1.100634490112559943e-08
1.100575033980590066e-08
1.100517326272900078e-08
1.100461347611259968e-08
1.100407029341749988e-08
1.100354281514869984e-08
1.100303202880659918e-08
1.100253569426270030e-08
1.100205468835200070e-08
1.100158847597430025e-08
1.100113571858639991e-08
1.100069695715759935e-08
1.100027182540749922e-08
1.099985940920939955e-08
1.099945990424629936e-08
1.099907233176860064e-08
1.099869674716709983e-08
1.099833295322389975e-08
1.099798023955990014e-08
1.099763860113970025e-08
1.099730767391539998e-08
1.099698697909430038e-08
1.099667609556000065e-08
1.099637525049339934e-08
1.099608414694080074e-08
1.099580176575589990e-08
1.099552878345240075e-08
1.099526399824669967e-08
1.099500818567780063e-08
1.099476052529519962e-08
1.099452053534390013e-08
1.099428861387149964e-08
1.099406412955469970e-08
1.099384674303969932e-08
1.099363668725869950e-08
1.099343312769119978e-08
1.099323668607959973e-08
1.099304653936739925e-08
1.099286332787420060e-08
1.099268529148360005e-08
1.099251345107049991e-08
1.099234756596970032e-08
1.099218718665240043e-08
1.099203258179890034e-08
1.099188288427600047e-08
1.099173801839680052e-08
1.099159897560950065e-08
1.099146404266440067e-08
1.099133372392510018e-08
1.099120845074610043e-08
1.099108679410830037e-08
1.099097041667960019e-08
1.099085762216480071e-08
1.099074838359099963e-08
1.099064335658519999e-08
1.099054243400050005e-08
1.099044508029169969e-08
1.099035049735249963e-08
1.099026030872319998e-08
1.099017302424949948e-08
1.099008870665509945e-08
1.099000767158279929e-08
1.098992984742420038e-08
