9.258953195951050524e-09
9.427562595159275842e-09
9.206184276298151058e-09
9.464622589679707080e-09
9.324706857632202758e-09
9.193370263450628166e-09
9.446483517864959778e-09
9.286600915898619039e-09
9.267115120217086440e-09
9.370698909486095658e-09
9.370669367888046752e-09
9.486246381724621116e-09
9.246634194993731750e-09
9.226172856059206220e-09
9.335843932233084310e-09
9.159687704800417291e-09
9.303354209263166610e-09
9.206968044464034091e-09
9.238867530015097208e-09
9.329472948821315347e-09
9.315437652952145481e-09
9.292432133659529449e-09
9.419974808625359219e-09
9.483238004599532216e-09
9.489227670190819068e-09
9.183101449898233942e-09
9.261716296192468826e-09
9.254679592022467940e-09
9.508179237281042504e-09
9.209859628796772002e-09
9.238955242773638342e-09
9.377521554658190046e-09
9.432308074766361055e-09
9.298162426529600078e-09
9.511651030420707540e-09
9.319138605224724322e-09
9.321068867314858080e-09
9.246053386784467242e-09
9.373858260538393906e-09
9.333292907279191696e-09
9.411847534321516478e-09
9.473164124626036258e-09
9.356152289144976761e-09
9.200777715490433732e-09
9.337447563429804050e-09
9.236350284767887522e-09
9.246560488215214600e-09
9.153296174094979046e-09
9.341861187998339514e-09
9.189577400238706976e-09
9.268323522065785215e-09
9.331485786413305639e-09
9.342405340948774224e-09
9.341608891056362356e-09
9.239379060628357771e-09
9.350333658545960908e-09
9.394346931725990624e-09
9.337058666077205634e-09
9.387423474514035222e-09
9.383910918926904461e-09
9.366947001574215775e-09
9.178023154175938072e-09
9.399921006388108508e-09
9.296477665377076048e-09
9.135826986390277598e-09
9.297017060893530372e-09
9.346498205693184489e-09
9.287845060942627990e-09
9.331107830860372166e-09
9.358273225539197662e-09
9.209539208894833370e-09
9.323705179151453610e-09
9.299865734060338734e-09
9.472802314614074208e-09
9.492632093989754859e-09
9.302065622493054790e-09
9.347721556013793444e-09
9.446091838400012176e-09
9.333037866325499198e-09
9.314443751062372773e-09
9.281194076188124943e-09
9.275403637644008592e-09
9.318752792896624091e-09
9.357605637858117885e-09
9.251891408227853904e-09
9.537963801978137072e-09
9.349873306571002340e-09
9.484901980430025478e-09
9.392490741586892328e-09
9.272267264495099698e-09
9.148009399656410624e-09
9.366999359986653502e-09
9.347754343780381667e-09
9.328541712018032519e-09
9.406218583166375103e-09
9.343894764783186149e-09
9.212918083814348382e-09
9.280688266187173086e-09
9.286546093497324701e-09
9.227018533881238261e-09
