3.416412187262726263e+01
3.430607041683378355e+01
3.433843072117216622e+01
3.427105202102071502e+01
3.406722297143920741e+01
3.418159652322185593e+01
3.432717903814241822e+01
3.420135524003384120e+01
3.422760083179637292e+01
3.408676519637117508e+01
3.419827477654475700e+01
3.423495367376851561e+01
3.420513204673932961e+01
3.400421957717254884e+01
3.424526523911518439e+01
3.404466936223745677e+01
3.400597394107406046e+01
3.417650026764774651e+01
3.424346297189480737e+01
3.438255452734449591e+01
3.421490829892810126e+01
3.394178285117810390e+01
3.425126728473730964e+01
3.424485722619024131e+01
3.437276060328342453e+01
3.412119332989608012e+01
3.410919623505073872e+01
3.418764401236787620e+01
3.407516938235366410e+01
3.423309069435612173e+01
3.428633411373970574e+01
3.410535587417907522e+01
3.412573818310368523e+01
3.418828945014863052e+01
3.409823374497021575e+01
3.426817202755768932e+01
3.425170377534711719e+01
3.424662669973123030e+01
3.423479928669959804e+01
3.427455711187695186e+01
3.417114303799008468e+01
3.406845970474044094e+01
3.420643321461641051e+01
3.425067666688748602e+01
3.412276562375373601e+01
3.426274640101586044e+01
3.429795017076423136e+01
3.427732997255568392e+01
3.408712578376291447e+01
3.420601135412231741e+01
3.415900829994144772e+01
3.405369294603238473e+01
3.411720872360945123e+01
3.416520132872981463e+01
3.420111310530550952e+01
3.425627710402071102e+01
3.417243699114287381e+01
3.432714033836236922e+01
3.418270395291163055e+01
3.410467842632372282e+01
3.428171972488151908e+01
3.409174107911899654e+01
3.415644941911827459e+01
3.418104228000232325e+01
3.411030387238451311e+01
3.429271868882393193e+01
3.432222550183298182e+01
3.417424320875289112e+01
3.440438765407672150e+01
3.423975346141724430e+01
3.423184310871140212e+01
3.424544655226623036e+01
3.405416618295777909e+01
3.410903561292406039e+01
3.421807124667387967e+01
3.407471051561159925e+01
3.413013675463009378e+01
3.432572463709691135e+01
3.416837519601336481e+01
3.422728317140860099e+01
3.405759443683106724e+01
3.404280898821678392e+01
3.413539932214379036e+01
3.422565605120357901e+01
3.414552158507596147e+01
3.417800914874640483e+01
3.420459331822262072e+01
3.421112496453083907e+01
3.411270636225941644e+01
3.420729218390541604e+01
3.422747863977816962e+01
3.407103754172923971e+01
3.411563241320846629e+01
3.424316577373848958e+01
3.426772020944224550e+01
3.431697080093879038e+01
3.414310640012524090e+01
3.416526491840880908e+01
3.410297893281895654e+01
3.420025972273310799e+01
