1.700000000485059815e+01
4.493294045004324033e+01
5.082674024241556054e+01
5.796877809616995592e+01
6.651471113839446048e+01
7.663464692111281806e+01
8.849256714042303429e+01
1.022216700852021205e+02
1.179053843201164256e+02
1.355384705461990222e+02
1.550126052836221504e+02
1.760945363859282224e+02
1.982954192225832344e+02
2.210731815663521047e+02
2.436359816313007514e+02
2.650618339010919726e+02
2.843796524751866741e+02
3.009348305165162287e+02
3.138346144608381110e+02
3.228491099504524868e+02
3.278846400323016042e+02
3.293332172917892535e+02
3.277640088572184141e+02
3.238603033970370575e+02
3.187733418585385152e+02
3.129485878872001194e+02
3.075004648394733522e+02
3.027659312492932031e+02
2.990735378985084481e+02
2.968333014844203603e+02
2.960031350603522924e+02
2.964792836707013635e+02
2.983381344428561306e+02
3.013243288841304093e+02
3.051989874463628780e+02
3.098829997097503792e+02
3.149777323933544153e+02
3.208144135365907346e+02
3.266526693852489984e+02
3.327438162646544129e+02
3.387699178072849691e+02
3.449118700591703259e+02
3.508590281915037394e+02
3.568206528318137316e+02
3.623564556179132410e+02
3.677256562051471747e+02
3.727500891714687441e+02
3.775194295994326126e+02
3.819476751774345757e+02
3.860025104260801072e+02
3.897301254013589187e+02
3.933463852506399121e+02
3.962899852126628844e+02
3.993427398749628310e+02
4.017163945964585423e+02
4.039150872556766672e+02
4.057948829614350643e+02
4.073330103951284968e+02
4.087398785482891412e+02
4.092538407960920495e+02
4.101265381226225486e+02
4.106895970630287707e+02
4.109777430540565319e+02
4.110304926059873765e+02
4.108150393483564358e+02
4.103690264309977920e+02
4.099025859841559623e+02
4.090545363493221203e+02
4.080360169414697111e+02
4.068611347286660020e+02
4.053404543335764174e+02
4.038927206227866122e+02
4.022191729542950611e+02
4.004640589267943938e+02
3.984113149102007014e+02
3.964966651464340543e+02
3.942184236939888820e+02
3.920038630285427530e+02
3.895761858966148452e+02
3.870919304541961878e+02
3.846263450098121552e+02
3.817889745844864251e+02
3.789706178903015257e+02
3.762186094221874555e+02
3.732841393590532562e+02
3.702679688580620336e+02
3.673054048495442316e+02
3.641126353822633632e+02
3.609791033417839685e+02
3.577805375186386527e+02
3.545447508479547878e+02
3.512852011587050924e+02
3.479730641785188823e+02
3.446168535620308262e+02
3.412237354066428452e+02
3.379051625422735015e+02
3.343839883414618157e+02
3.310174883209762697e+02
3.275081505727943636e+02
3.241045460412776151e+02
3.206154616058490205e+02
3.171484650834596550e+02
3.136931477137594584e+02
3.101645592909069933e+02
3.067042733652721722e+02
3.032833076403820201e+02
2.998745978980396103e+02
2.964289146599268747e+02
2.929412193900178067e+02
2.894930272983640407e+02
2.860351913799069052e+02
2.825897131228444437e+02
2.791979671334087243e+02
2.758581952920241633e+02
2.724812748984022619e+02
2.691455350337845971e+02
2.657932637281691086e+02
2.624701039511067506e+02
2.591926895602785521e+02
2.558708871990960461e+02
2.527381686206616394e+02
2.494714213780159184e+02
2.463005607355308086e+02
2.431512931880198494e+02
2.400436774166440159e+02
2.369554441854542688e+02
2.338565110898676096e+02
2.308593832536025729e+02
2.278142346020126183e+02
2.247873168618802424e+02
2.219125093432754170e+02
2.189553478975506664e+02
2.160471821459579189e+02
2.131697661775442327e+02
2.103492749248585483e+02
2.076313252738493986e+02
2.048457233545842655e+02
2.021259263376715865e+02
1.994286529531363783e+02
1.967992987734351686e+02
1.940926497638714068e+02
1.915457800763525995e+02
1.890160975737332194e+02
1.864673155336197681e+02
1.839375548039902242e+02
1.815003281759660467e+02
1.790850152138137901e+02
1.766791972891209355e+02
1.742849728879314171e+02
1.720092978379352360e+02
1.696838897216154294e+02
1.674181897263994188e+02
1.651850635255467523e+02
1.629984623601474141e+02
1.608301874827563438e+02
1.587176727146490691e+02
1.566199144108855705e+02
1.544908254432308183e+02
1.524820802432263633e+02
1.504595349191756100e+02
1.485369047035690926e+02
1.465499825808327898e+02
1.446580137120072322e+02
1.427715670247263233e+02
1.408871005866876374e+02
1.390847573092706000e+02
1.373107036400582217e+02
1.355279526323585344e+02
1.337855539557059785e+02
1.320837460794890319e+02
1.303994218937962444e+02
1.287130956538325393e+02
1.270926155731644798e+02
1.255120061258160007e+02
1.239274115087300885e+02
1.224063922423687529e+02
1.208736984306890037e+02
1.193881885462312908e+02
1.179535231904721257e+02
1.165042218910349874e+02
1.150754286502603918e+02
1.136559800297383163e+02
1.123243181173362473e+02
1.109632307420246775e+02
1.096724152184340966e+02
1.083851949618840109e+02
1.071341145100263788e+02
1.058729604398112230e+02
1.046251767876495364e+02
1.034283166924837900e+02
1.022534873245984954e+02
1.010753604867461064e+02
9.996632971156867598e+01
9.885820186364563256e+01
9.773914955210202038e+01
9.668423082044830608e+01
9.561776462019948042e+01
9.458484597368605762e+01
9.357091766255950915e+01
9.260127374149882939e+01
9.161600174289252152e+01
9.064158250823507501e+01
8.971875074161496855e+01
8.879361531791222717e+01
8.789906673400780335e+01
8.700883326633122294e+01
8.614190244098396931e+01
8.530283809776604187e+01
8.445959721311442081e+01
8.364651074817660970e+01
8.285980971029609066e+01
8.206005752261988562e+01
8.128622387078246447e+01
8.054891893924433077e+01
7.978922319598346746e+01
7.906201350630936986e+01
7.836130074672756507e+01
7.767359692519099212e+01
7.699691943411269790e+01
7.631678626207614968e+01
7.568791086787285849e+01
7.503059598776329153e+01
7.441113638603847846e+01
7.378320094909639693e+01
7.320014643012002864e+01
7.259059659958839461e+01
7.202994912005647166e+01
7.146189256402426793e+01
7.092214354144826416e+01
7.035996778863646739e+01
6.983352033592387897e+01
6.932193775666048907e+01
6.881359083727177506e+01
6.831810749157526175e+01
6.782481234745293364e+01
6.735491593848378500e+01
6.688377338547530826e+01
6.641920607633001339e+01
6.598416957029888863e+01
6.554901627114442419e+01
6.513880148925561286e+01
6.469208409918698521e+01
6.430535195193198206e+01
6.388914257171765598e+01
6.350038652897296743e+01
6.312383093976992399e+01
6.274117950129152632e+01
6.238392386739926820e+01
6.203366117983664196e+01
6.168537130469164964e+01
6.133128777419529598e+01
6.098736552730356664e+01
6.067484474540745509e+01
6.035399962295247889e+01
6.004342824598160888e+01
5.973344131756886100e+01
5.944431076387472501e+01
5.914360111740670334e+01
5.885007017462228163e+01
5.859022254017597930e+01
5.830923674069727980e+01
5.804258680436716844e+01
5.777705711959666957e+01
5.752330967867526823e+01
5.726678342563746327e+01
5.703810004658724608e+01
5.678338109608212392e+01
5.655363420129408070e+01
5.633046537527063435e+01
5.610981680749426914e+01
5.589372016328549364e+01
5.568839162000379162e+01
5.547712310301317018e+01
5.526183310348663014e+01
5.506950409644365863e+01
5.487968098549126950e+01
5.468980452487394928e+01
5.450398999898519037e+01
5.432361728234601372e+01
5.415856877202989494e+01
5.398512786014034504e+01
5.381660254662136111e+01
5.365061606940944472e+01
5.349597908249707245e+01
5.334382045247027548e+01
5.318331116163953709e+01
5.304184826081034743e+01
5.289204312543371600e+01
5.275069693981463814e+01
5.260860402660961199e+01
5.247283443532315061e+01
5.236031678973373005e+01
5.223142527923335621e+01
5.208750322468453220e+01
5.197682050875225457e+01
5.185317332443202076e+01
5.173537668725433747e+01
5.162546225077920070e+01
5.151065037441060213e+01
5.140923752867204399e+01
5.129259634331102546e+01
5.120403157445204556e+01
5.110168716496811214e+01
5.099149488143770981e+01
5.090868091679434571e+01
5.081271223011052030e+01
5.071523723115622317e+01
5.063280002801546686e+01
5.054938495731623505e+01
5.046599652842454020e+01
5.037419320095688846e+01
5.028349468002225819e+01
5.021129138481715160e+01
5.013587457630008259e+01
5.006814261551954104e+01
4.999612126702572823e+01
4.991681355978189316e+01
4.986154438649233356e+01
4.978977961560919852e+01
4.972775734529044200e+01
4.967050993476975407e+01
4.960002761376529179e+01
4.954373001775325491e+01
4.947579329411074411e+01
4.941136440488095616e+01
4.937931532995992967e+01
4.930346259926648145e+01
4.926077448277670356e+01
4.920214354344570040e+01
4.914652107419200888e+01
4.910868478897163669e+01
4.906756824042329157e+01
4.901136583268845470e+01
4.896062721018233788e+01
4.892046213274789324e+01
4.886916463561890822e+01
4.883665992805384803e+01
4.880221366035874553e+01
4.875492928295575723e+01
4.871481036174534296e+01
4.866300463271873866e+01
4.864144505414909503e+01
4.861352671391752978e+01
4.856606790110281224e+01
4.854022718961235938e+01
4.850504989704722902e+01
4.848143848154560231e+01
4.844483915088294168e+01
4.841155435891668901e+01
4.838704900411920562e+01
4.835240741807987774e+01
4.832286970342246235e+01
4.828982050069310361e+01
4.827101664997221775e+01
4.825038474529067400e+01
4.822824660457560242e+01
4.818965356115653265e+01
4.816922929441862777e+01
4.814142199554412827e+01
4.812621793877554666e+01
4.810857344895376997e+01
4.808399474495329429e+01
4.805218751844127922e+01
4.803819639115762641e+01
4.802458044453437225e+01
4.799735078882849137e+01
4.799254291411070739e+01
4.796403503152507852e+01
4.795078985151251061e+01
4.793092878356359421e+01
4.790807055037363682e+01
4.789245648231683816e+01
4.787445513217964788e+01
4.786298013727361678e+01
4.785955140056798029e+01
4.784213537108075087e+01
4.782514842937592903e+01
4.781208415157486513e+01
4.779225298749765471e+01
4.779492345827820543e+01
4.777597327445419495e+01
4.776897828973515914e+01
4.775772447895126760e+01
4.773729926821207670e+01
4.771793048783799662e+01
4.771319942614836407e+01
4.770536906364969809e+01
4.769369095054157270e+01
4.768588763499086269e+01
4.768830184931560012e+01
4.765855537507678719e+01
4.766311619084373064e+01
4.764870706582118487e+01
4.763444020101278653e+01
4.762515245116593832e+01
4.762308620851464980e+01
4.762675902900046054e+01
4.759831141827591949e+01
4.760818494913888799e+01
4.759665059895156247e+01
4.758113538805528009e+01
4.758499300416026045e+01
4.756358542750728446e+01
4.756953763052161577e+01
4.756906039602289837e+01
4.755684937604383578e+01
4.756884297656041838e+01
4.754366354141296114e+01
4.754059478218344736e+01
4.754036713263165126e+01
4.752956393233979071e+01
4.753196974807973163e+01
4.751711363746558447e+01
4.751368600705584555e+01
4.751120174177269462e+01
4.750577182208154881e+01
4.750662249006050075e+01
4.749538420488370605e+01
4.749022504926077204e+01
4.749416057077613118e+01
