3.399936000001839886e+01
3.400332793415449828e+01
3.460532987824179685e+01
3.535242057799550253e+01
3.616237731287839807e+01
3.712063535301899719e+01
3.825315917052439829e+01
3.958899119283159962e+01
4.115982839965720075e+01
4.299924408678639765e+01
4.514137702449129819e+01
4.761900091922039735e+01
5.046087354050249729e+01
5.368842091344080103e+01
5.731192131012220159e+01
6.132658228356380192e+01
6.570905200443660021e+01
7.041517335662989296e+01
7.537966728533019989e+01
8.051829891537670392e+01
8.573268755958399368e+01
9.091724806588850072e+01
9.596729515126639853e+01
1.007870086077110017e+02
1.052959636769549974e+02
1.094334141254479960e+02
1.131598638462349982e+02
1.164563390386229997e+02
1.193217455528740061e+02
1.217693132454689930e+02
1.238226369741149995e+02
1.255119720473039990e+02
1.268710738815599939e+02
1.279347065487799995e+02
1.287368726417039966e+02
1.293096186053849976e+02
1.296823426915910034e+02
1.298814835442429967e+02
1.299304348662699908e+02
1.298496848906989953e+02
1.296570148665329896e+02
1.293677468828080066e+02
1.289950246796909994e+02
1.285501228761769994e+02
1.280426725351640016e+02
1.274808925174690017e+02
1.268718302068629953e+02
1.262215215068819987e+02
1.255351447587020033e+02
1.248171785388189932e+02
1.240714887856010051e+02
1.233014407394680063e+02
1.225099713754920003e+02
1.216996662213209959e+02
1.208728017197269935e+02
1.200314154265279996e+02
1.191773009869589970e+02
1.183120879036950015e+02
1.174372430367210001e+02
1.165541127152680048e+02
1.156638913233040000e+02
1.147605592551529980e+02
1.138543758186900021e+02
1.129451029119800012e+02
1.120334674618549968e+02
1.111201461420729970e+02
1.102057968586519934e+02
1.092910393891989997e+02
1.083764652939400008e+02
1.074626435455590041e+02
1.065501100098820046e+02
1.056393679788679947e+02
1.047309145227350058e+02
1.038252075725589947e+02
1.029226809023730027e+02
1.020237480447959939e+02
1.011288089104180017e+02
1.002382265441149940e+02
9.935236103904969696e+01
9.847153553449190611e+01
9.759606629546999557e+01
9.672623986516819627e+01
9.586233981973329321e+01
9.500462839888770361e+01
9.415334000342430443e+01
9.330871115578010233e+01
9.247094685897450006e+01
9.164025024952060505e+01
9.081680318097619420e+01
9.000077689538069592e+01
8.919233381673200256e+01
8.839161027234149515e+01
8.759875125773069726e+01
8.681387211574849516e+01
8.603708574991189550e+01
8.526849605607630167e+01
8.450819450450980241e+01
8.375626247954980386e+01
8.301276844124249976e+01
8.227778227391389976e+01
8.155136070236770252e+01
8.083353876340240163e+01
8.012437624022349780e+01
7.942388969084629480e+01
7.873211114743580197e+01
7.804906051815639501e+01
7.737474742117770177e+01
7.670918006791470134e+01
7.605235524746379383e+01
7.540427691382180342e+01
7.476492556060479444e+01
7.413429227078449912e+01
7.351235236962550346e+01
7.289908720956960053e+01
7.229446297742309469e+01
7.169844786033749529e+01
7.111101050754760422e+01
7.053210474279279651e+01
6.996169065680480514e+01
6.939971568304480343e+01
6.884613697631699836e+01
6.830090034832660706e+01
6.776394393661790616e+01
6.723521998047469594e+01
6.671465891647500257e+01
6.620220312732389800e+01
6.569778422640699489e+01
6.520134187665169634e+01
6.471279732635619553e+01
6.423208870387020397e+01
6.375914425214349990e+01
6.329388780373530210e+01
6.283624122210250107e+01
6.238613565952459794e+01
6.194349102382059868e+01
6.150822969013100305e+01
6.108027084743159918e+01
6.065953587936169811e+01
6.024594749971610241e+01
5.983942197323990086e+01
5.943987620319720122e+01
5.904722973159520194e+01
5.866140088710230316e+01
5.828230421942149775e+01
5.790986028517580309e+01
5.754398255402549722e+01
5.718459012156969834e+01
5.683159659599839841e+01
5.648492015760089657e+01
5.614447671246539784e+01
5.581018329156499647e+01
5.548195373853030077e+01
5.515971000732140084e+01
5.484336391213650330e+01
5.453283759000490249e+01
5.422804188188690233e+01
5.392890191443589742e+01
5.363532916771669790e+01
5.334725048539770142e+01
5.306457618150820110e+01
5.278723045049910212e+01
5.251513477087269877e+01
5.224820604725770323e+01
5.198636776815639848e+01
5.172954128653599781e+01
5.147764707592489941e+01
5.123060824807159719e+01
5.098835200172860027e+01
5.075079779816719849e+01
5.051787309332100051e+01
5.028950227535089823e+01
5.006561233552900347e+01
4.984613111171830013e+01
4.963098301214620278e+01
4.942010038717479858e+01
4.921340822049130281e+01
4.901083919005080247e+01
4.881232252153770190e+01
4.861778951618560285e+01
4.842717338407520344e+01
4.824040688522919851e+01
4.805742385686040308e+01
4.787815900249719903e+01
4.770254245519399916e+01
4.753051773384169820e+01
4.736201992949810347e+01
4.719698263978160213e+01
4.703534987284159996e+01
4.687705591459690169e+01
4.672204294773659683e+01
4.657025380236780165e+01
4.642162706534399774e+01
4.627610662000279973e+01
4.613363544110669778e+01
4.599415602902560352e+01
4.585761645060949832e+01
4.572396016555379816e+01
4.559313388714789994e+01
4.546508431201159794e+01
4.533976075127129945e+01
4.521711004431369929e+01
4.509708538446240311e+01
4.497963237819379856e+01
4.486470459566420033e+01
4.475225313061630317e+01
4.464223197514539976e+01
4.453458992332809885e+01
4.442928421404440087e+01
4.432627149635509767e+01
4.422550515732849874e+01
4.412694201785350145e+01
4.403053751202830313e+01
4.393624788710739892e+01
4.384403495097360093e+01
4.375385610635679967e+01
4.366567160548569859e+01
4.357944006202070142e+01
4.349512375052879776e+01
4.341268578706169734e+01
4.333208376885279733e+01
4.325328475537280326e+01
4.317625003282650198e+01
4.310094751571440241e+01
4.302733616669929972e+01
4.295538648291829986e+01
4.288506113093399819e+01
4.281633048072789904e+01
4.274915803893379973e+01
4.268351244301629777e+01
4.261936382677490087e+01
4.255668000276710217e+01
4.249542858728519690e+01
4.243558293840980156e+01
4.237711047964329936e+01
4.231998648585639700e+01
4.226417856345970137e+01
4.220966236396080262e+01
4.215640714202690020e+01
4.210438845610759984e+01
4.205357871484729770e+01
4.200395426962560208e+01
4.195548645685320110e+01
4.190815253943490148e+01
4.186193014443190208e+01
4.181679165023830080e+01
4.177271429546549797e+01
4.172967840510810333e+01
4.168765796804959933e+01
4.164663131713660249e+01
4.160657810414200242e+01
4.156747673881540095e+01
4.152930487598909792e+01
4.149204496811650245e+01
4.145567540297140141e+01
4.142017530278329929e+01
4.138552829967679969e+01
4.135171311712289821e+01
4.131871237657779972e+01
4.128650640882069922e+01
4.125507841113920193e+01
4.122441358871100192e+01
4.119449306582119874e+01
4.116529548177619802e+01
4.113681296753159700e+01
4.110902271206990122e+01
4.108191398109740078e+01
4.105546738076400004e+01
4.102967126028899969e+01
4.100450634547740236e+01
4.097996321726090230e+01
4.095602473503579688e+01
4.093267777304230037e+01
4.090991016138139713e+01
4.088770645370009760e+01
4.086605354633920228e+01
4.084494006917520181e+01
4.082435544821250062e+01
4.080428259962069859e+01
4.078471448464819815e+01
4.076563463300060164e+01
4.074703592256680196e+01
4.072890396308169869e+01
4.071123186975840014e+01
4.069400510237159807e+01
4.067721343805369827e+01
4.066084834244259838e+01
4.064490022253480106e+01
4.062935732299609981e+01
4.061421002524299695e+01
4.059945117449250063e+01
4.058506935513219815e+01
4.057105620266749924e+01
4.055740179743000340e+01
4.054410289426760272e+01
4.053114470534009683e+01
4.051851952521069933e+01
4.050622201866970329e+01
4.049424652639660138e+01
4.048257939660440030e+01
4.047121711095370244e+01
4.046015150407340144e+01
4.044937289751390352e+01
4.043887854021249950e+01
4.042865888553409803e+01
4.041870751481280166e+01
4.040901890761330151e+01
4.039958364472389718e+01
4.039040009348730109e+01
4.038146087931839645e+01
4.037275641521549829e+01
4.036428535919459648e+01
4.035603966853469871e+01
4.034801339098559936e+01
4.034020212488260171e+01
4.033259976489610210e+01
4.032520194336809993e+01
4.031800168943689755e+01
4.031099768774760150e+01
4.030418179092570341e+01
4.029755201616750071e+01
4.029109866098249881e+01
4.028482261689960353e+01
4.027871844516089794e+01
4.027278065763830028e+01
4.026700336830990068e+01
4.026138655699450197e+01
4.025592168757589917e+01
4.025060875662160242e+01
4.024544290401799884e+01
4.024041859374280250e+01
4.023553270853930286e+01
4.023078289358129922e+01
4.022616630263740234e+01
4.022167720317509776e+01
4.021731451682509828e+01
4.021307230902689867e+01
4.020895123137859883e+01
4.020494404209169659e+01
4.020105121099540213e+01
4.019726767593549965e+01
4.019358972535069796e+01
4.019001747486169762e+01
4.018654804394449798e+01
4.018317413929069915e+01
4.017989946052569650e+01
4.017671609988929760e+01
4.017362657612890331e+01
4.017062553441699890e+01
4.016770950003179763e+01
4.016487864520549778e+01
4.016213070245439809e+01
4.015946085686469758e+01
4.015687005980640123e+01
4.015435436318779949e+01
4.015191103832430031e+01
4.014954179529080136e+01
4.014724125464910287e+01
4.014500669212240069e+01
4.014283989705860023e+01
4.014073682085729899e+01
4.013869675730619946e+01
4.013671720440979840e+01
4.013479488408510321e+01
4.013293339513840152e+01
4.013112457373669884e+01
4.012937161538160069e+01
4.012767256997580034e+01
4.012602255938700324e+01
4.012442355510160041e+01
4.012287422226229694e+01
4.012137122946290191e+01
4.011991528984270161e+01
4.011850283648630011e+01
4.011713407125790098e+01
4.011580827542449867e+01
4.011452286010940327e+01
4.011327780696179701e+01
4.011207178926049721e+01
4.011090306211269763e+01
4.010977009081899780e+01
4.010867370330829829e+01
4.010761281737450190e+01
4.010658371888239770e+01
4.010558887329099775e+01
4.010462390086900086e+01
4.010369162795920062e+01
4.010278906454519898e+01
4.010191445493880025e+01
4.010106924976830101e+01
4.010025114826480319e+01
4.009945891370119853e+01
4.009869339496609797e+01
4.009795155076690065e+01
4.009723564695639908e+01
4.009654268402100286e+01
4.009587499551530243e+01
4.009522616694280117e+01
4.009459991873840323e+01
4.009399537383160350e+01
4.009341089397810265e+01
4.009284745834529673e+01
4.009230190678830041e+01
4.009177396347679689e+01
4.009126724160439892e+01
4.009077549747360081e+01
4.009030056916650153e+01
4.008984402869390351e+01
4.008940066819670278e+01
4.008897654703429936e+01
4.008856548329740122e+01
4.008816737868710334e+01
4.008778462254370112e+01
4.008741682438540010e+01
4.008706203249320055e+01
4.008671733828079908e+01
4.008638865851259681e+01
4.008607056253070056e+01
4.008576327892299673e+01
4.008546795800509699e+01
4.008518433881040011e+01
