Var1,Imeal_1,Imeal_2
85,24.3442799999971,1.10579944263848
85,25.1586199751209,1.1612109921216
85,26.3902264155965,1.19186306411362
85,27.8185815826484,1.21126003972651
85,29.3539411684066,1.2245886174819
85,30.9529421757123,1.23427184870534
85,32.5920987378018,1.24159456456075
85,34.2576115515549,1.24730184193912
85,35.9408655875691,1.25185565688636
85,37.6362267137321,1.25555776077091
85,37.7825850159866,1.2586136484822
85.5555555556,38.6970759930214,1.26116813566337
86.1111111111,39.6047765858971,1.26332623595802
86.6666666667,40.5067447676177,1.26516596898669
87.2222222222,41.4038058004796,1.26674651805938
87.7777777778,42.2966177380612,1.26811359533885
88.3333333333,43.1857157863763,1.26930306974048
88.8888888889,44.0715430518115,1.27034348041787
89.4444444444,44.9544722908912,1.27125781590328
90,45.8348215769595,1.27206479771433
90,45.8817796404581,1.27277982242338
92.2222222222,50.4914424971496,1.27341566381818
94.4444444444,55.1156514141836,1.27398300363154
96.6666666667,59.7520150703314,1.27449083785435
98.8888888889,64.3985570359956,1.27494679146495
101.111111111,69.0536392210323,1.27535736486321
103.333333333,73.7159011291783,1.27572812876389
105.555555556,78.3842112306332,1.27606387976231
107.777777778,83.0576277204495,1.27636876558221
110,87.7353666195275,1.27664638672791
110,87.7870464189257,1.27689987960776
112.777777778,93.7304114142976,1.27713198498566
115.555555556,99.6787876678169,1.27734510472293
118.333333333,105.631519592736,1.27754134910481
121.111111111,111.588056605305,1.27772257654338
123.888888889,117.547937043049,1.27789042706602
126.666666667,123.510774623926,1.27804635070631
129.444444444,129.476246999237,1.27819163168811
132.222222222,135.444086058374,1.27832740911815
135,141.414069687411,1.27845469476478
135,141.458225100506,1.2785743883928
137.777777778,155.825199761949,1.27868729103773
140.555555556,170.199443583271,1.27879411653529
143.333333333,184.58032355641,1.27889550156638
146.111111111,198.967300015042,1.27899201443395
148.888888889,213.359913739089,1.27908416275223
151.666666667,227.757774814567,1.27917240019962
154.444444444,242.160552991453,1.27925713246259
157.222222222,256.567969346509,1.27933872247839
160,270.979789061835,1.27941749506794
160,271.03431423912,1.27949374103706
161.666666667,267.332808107217,1.27956772081276
163.333333333,263.628232948094,1.27963966767182
165,259.920849218107,1.27970979061134
166.666666667,256.210887017225,1.27977827690388
168.333333333,252.498549558185,1.27984529437424
170,248.784016237155,1.27991099343034
171.666666667,245.067445353008,1.27997550887623
173.333333333,241.348976516883,1.28003896153194
175,237.628732788052,1.28010145968168
175,237.665274763846,1.28016310036962
175.555555556,238.134327866886,1.28022397055968
176.111111111,238.602963134292,1.28028414817431
176.666666667,239.071231162002,1.28034370302527
177.222222222,239.539177277148,1.28040269764793
177.777777778,240.006842082023,1.28046118804933
178.333333333,240.474261930815,1.28051922437923
178.888888889,240.94146936973,1.28057685153212
179.444444444,241.408493520581,1.28063410968745
180,241.875360437398,1.28069103479454
180,241.908077584792,1.28074765900786
179.444444444,246.149699306443,1.28080401107785
178.888888889,250.392099115815,1.28086011670184
178.333333333,254.635288575871,1.28091599883914
177.777777778,258.879278521047,1.28097167799403
177.222222222,263.124079093493,1.28102717246983
176.666666667,267.369699768318,1.28108249859718
176.111111111,271.61614939105,1.28113767093894
175.555555556,275.863436203277,1.2811927024742
175,280.111567879827,1.2812476047636
175,280.146767594274,1.28130238809765
173.333333333,275.07326705818,1.28135706162999
171.666666667,269.998234915394,1.28141163349697
170,264.921689003353,1.28146611092498
168.333333333,259.843645666379,1.28152050032681
166.666666667,254.764119913842,1.28157480738809
165,249.683125560678,1.28162903714489
163.333333333,244.600675359204,1.28168319405324
161.666666667,239.516781109932,1.28173728205154
160,234.431453759901,1.28179130461655
160,234.45941509705,1.28184526481348
158.888888889,237.001464787954,1.28189916534097
157.777777778,239.54399596164,1.28195300857135
156.666666667,242.087012175627,1.28200679658669
155.555555556,244.63051677601,1.28206053121106
154.444444444,247.174512909016,1.28211421403952
153.333333333,249.71900353169,1.28216784646388
152.222222222,252.26399142834,1.28222142969582
151.111111111,254.809479219551,1.28227496478766
150,257.355469370247,1.2823284526507
150,257.385318234435,1.28238189407179
147.222222222,250.573202137673,1.28243528972804
144.444444444,243.759272969017,1.2824886401999
141.666666667,236.943538717555,1.28254194598296
138.888888889,230.12600708292,1.28259520749829
136.111111111,223.30668549951,1.28264842510176
133.333333333,216.48558115427,1.28270159909231
130.555555556,209.662701010003,1.28275472971926
127.777777778,202.838051819054,1.28280781718888
125,196.011640139256,1.28286086167012
125,196.033241892641,1.28291386329975
123.333333333,189.229609200933,1.28296682218692
121.666666667,182.424272206698,1.28301973841718
120,175.617235292318,1.28307261205594
118.333333333,168.808502748913,1.28312544315171
116.666666667,161.998078783454,1.28317823173878
115,155.185967521399,1.28323097783963
113.333333333,148.372173016508,1.28328368146707
111.666666667,141.556699252306,1.28333634262609
110,134.739550146844,1.2833889613155
110,134.753441943045,1.28344153752929
108.333333333,128.783171543656,1.28349407125788
106.666666667,122.811436341776,1.28354656248918
105,116.83823980141,1.28359901120952
103.333333333,110.863585333545,1.28365141740436
101.666666667,104.88747630286,1.28370378105905
100,98.9099160265099,1.28375610215931
98.3333333333,92.9309077775981,1.28380838069178
96.6666666667,86.9504547836588,1.28386061664437
95,80.968560232756,1.28391281000661
95,80.9758650996261,1.28396496076989
94.4444444444,79.2695109438907,1.28401706892771
93.8888888889,77.5627423192928,1.28406913447584
93.3333333333,75.8555600845343,1.28412115741241
92.7777777778,74.1479650911085,1.28417313773808
92.2222222222,72.4399581829428,1.284225075456
91.6666666667,70.7315401968341,1.28427697057197
91.1111111111,69.0227119623758,1.2843288230943
90.5555555556,67.3134743023882,1.28438063303397
90,65.6038280325211,1.2844324004045
90,65.60926229622,1.28448412522191
90,65.1890041154274,1.28453580750476
90,64.7686446536183,1.28458744727401
90,64.3481839452542,1.284639044553
90,63.9276220296539,1.28469059936732
90,63.5069589501564,1.28474211174487
90,63.0861947545007,1.28479358171562
90,62.6653294939752,1.2848450093116
90,62.2443632238515,1.28489639456684
90,61.8232960025588,1.28494773751729
90,61.8282600528561,1.28499903820063
90,61.4070400644916,1.28505029665632
90,60.985719280337,1.28510151292544
90,60.5642977709175,1.28515268705064
90,60.1427756096718,1.28520381907601
90,59.7211528721882,1.28525490904707
90,59.2994296366827,1.28530595701063
90,58.877605983229,1.28535696301474
90,58.4556819942691,1.28540792710861
90,58.033657753871,1.28545884934257
90,58.0381532035512,1.28550972976792
90,57.6159772743383,1.28556056843699
90,57.193701318015,1.2856113654029
90,56.7713254253207,1.28566212071967
90,56.3488496887341,1.28571283444209
90,55.926274201739,1.28576350662564
90,55.5035990593426,1.28581413732643
90,55.080824357424,1.28586472660122
90,54.6579501932483,1.28591527450731
90,54.2349766647723,1.2859657811025
90,54.2390075226641,1.28601624644504
90,54.2430355502599,1.28606667059362
90,54.2470607333353,1.28611705360731
90,54.2510830586919,1.28616739554549
90,54.2551025140757,1.28621769646786
90,54.2591190881524,1.28626795643439
90,54.2631327704322,1.28631817550525
90,54.2671435512593,1.28636835374087
90,54.2711514217299,1.2864184912018
90,54.2751563736848,1.28646858794875
90,54.2791583996531,1.28651864404256
90,53.0002633035271,1.28656865954413
90,51.7210787718426,1.28661863451445
90,50.4416051373745,1.28666856901458
90,49.1618427328967,1.28671846310553
90,47.8817918909716,1.28676831684845
90,46.6014529436119,1.28681813030433
90,45.3208262227835,1.28686790353423
90,44.0399120601157,1.28691763659909
90,42.7587107866777,1.2869673295599
90,42.7614021111018,1.28701698247747
90,42.335984259543,1.28706659541259
90,41.910469682245,1.28711616842589
90,41.4848584870223,1.28716570157795
90,41.0591507820513,1.28721519492922
90,40.6333466752639,1.28726464853998
90,40.2074462749405,1.28731406247041
90,39.7814496890584,1.28736343678055
