0	1.27856666976	0
1	0.800269796457	1.82866511479
2	0.577461945554	3.10723178455
3	0.450933372777	3.90750158101
4	0.369675826057	4.48496352656
5	0.313154507808	4.93589689934
6	0.271590761582	5.30557272539
7	0.239750621396	5.6187272332
8	0.214583612351	5.89031799478
9	0.194193038576	6.13006861618
10	0.177338143685	6.34465222853
11	0.163173344483	6.53884526711
12	0.151102613761	6.71618341079
13	0.14069379485	6.87935675528
14	0.131625933688	7.03045936904
15	0.123655687877	7.17115316389
16	0.116595213405	7.30277909757
17	0.110297201791	7.42643478545
18	0.104644508975	7.54302999886
19	0.0995428124807	7.65332720065
20	0.0949153133879	7.75797170962
21	0.0906988483961	7.8575145221
22	0.0868409928273	7.95242983549
23	0.0832978719674	8.04312868389
24	0.0800324866362	8.12996967671
25	0.0770134173667	8.21326754868
26	0.0742138109585	8.29330003532
27	0.0716105801453	8.37031345268
28	0.0691837658683	8.44452726364
29	0.0669160248804	8.51613784379
30	0.0647922148595	8.58532160966
31	0.0627990560498	8.65223763454
32	0.0609248534563	8.7170298494
33	0.0591592673157	8.77982890545
34	0.0574931223341	8.8407537589
35	0.055918248261	8.89991302622
36	0.0544273459556	8.95740614855
37	0.0530138743131	9.01332439681
38	0.0516719543571	9.06775174277
39	0.0503962875328	9.12076561708
40	0.0491820858069	9.17243757144
41	0.0480250116314	9.22283385897
42	0.0469211261838	9.27201594478
43	0.0458668445836	9.32004095641
44	0.0448588970113	9.36696208259
45	0.043894294843	9.41282892718
46	0.0429703010598	9.45768782419
47	0.0420844043181	9.50158211903
48	0.0412342961605	9.54455242009
49	0.0404178509343	9.58663682441
50	0.0396331080478	9.62787112057
51	0.038878256255	9.6682889715
52	0.0381516197015	9.70792207955
53	0.037451645506	9.74680033581
54	0.0367768926847	9.78495195551
55	0.0361260222511	9.82240360101
56	0.0354977883482	9.8591804937
57	0.0348910302911	9.89530651595
58	0.0343046654106	9.9308043043
59	0	9.96569533459
60	0	0
61	0	0
62	0	0
63	0	0
64	0	0
65	0	0
66	0	0
67	0	0
68	0	0
69	0	0
70	0	0
71	0	0
72	0	0
73	0	0
74	0	0
75	0	0
76	0	0
77	0	0
78	0	0
79	0	0
80	0	0
81	0	0
82	0	0
83	0	0
84	0	0
85	0	0
86	0	0
87	0	0
88	0	0
89	0	0
90	0	0
91	0	0
92	0	0
93	0	0
94	0	0
95	0	0
96	0	0
97	0	0
98	0	0
99	0	0
100	0	0
101	0	0
102	0	0
103	0	0
104	0	0
105	0	0
106	0	0
107	0	0
108	0	0
109	0	0
110	0	0
111	0	0
112	0	0
113	0	0
114	0	0
115	0	0
116	0	0
117	0	0
118	0	0
119	0	0
120	0	0
121	0	0
122	0	0
123	0	0
124	0	0
125	0	0
126	0	0
127	0	0
128	0	0
129	0	0
130	0	0
131	0	0
132	0	0
133	0	0
134	0	0
135	0	0
136	0	0
137	0	0
138	0	0
139	0	0
140	0	0
141	0	0
142	0	0
143	0	0
144	0	0
145	0	0
146	0	0
147	0	0
148	0	0
149	0	0
150	0	0
151	0	0
152	0	0
153	0	0
154	0	0
155	0	0
156	0	0
157	0	0
158	0	0
159	0	0
160	0	0
161	0	0
162	0	0
163	0	0
164	0	0
165	0	0
166	0	0
167	0	0
168	0	0
169	0	0
170	0	0
171	0	0
172	0	0
173	0	0
174	0	0
175	0	0
176	0	0
177	0	0
178	0	0
179	0	0
180	0	0
181	0	0
182	0	0
183	0	0
184	0	0
185	0	0
186	0	0
187	0	0
188	0	0
189	0	0
190	0	0
191	0	0
192	0	0
193	0	0
194	0	0
195	0	0
196	0	0
197	0	0
198	0	0
199	0	0
200	0	0
201	0	0
202	0	0
203	0	0
204	0	0
205	0	0
206	0	0
207	0	0
208	0	0
209	0	0
210	0	0
211	0	0
212	0	0
213	0	0
214	0	0
215	0	0
216	0	0
217	0	0
218	0	0
219	0	0
220	0	0
221	0	0
222	0	0
223	0	0
224	0	0
225	0	0
226	0	0
227	0	0
228	0	0
229	0	0
230	0	0
231	0	0
232	0	0
233	0	0
234	0	0
235	0	0
236	0	0
237	0	0
238	0	0
239	0	0
240	0	0
241	0	0
242	0	0
243	0	0
244	0	0
245	0	0
246	0	0
247	0	0
248	0	0
249	0	0
250	0	0
251	0	0
252	0	0
253	0	0
254	0	0
255	0	0
256	0	0
257	0	0
258	0	0
259	0	0
260	0	0
261	0	0
262	0	0
263	0	0
264	0	0
265	0	0
266	0	0
267	0	0
268	0	0
269	0	0
270	0	0
271	0	0
272	0	0
273	0	0
274	0	0
275	0	0
276	0	0
277	0	0
278	0	0
279	0	0
280	0	0
281	0	0
282	0	0
283	0	0
284	0	0
285	0	0
286	0	0
287	0	0
288	0	0
289	0	0
290	0	0
291	0	0
292	0	0
293	0	0
294	0	0
295	0	0
296	0	0
297	0	0
298	0	0
299	0	0
300	0	0
301	0	0
302	0	0
303	0	0
304	0	0
305	0	0
306	0	0
307	0	0
308	0	0
309	0	0
310	0	0
311	0	0
312	0	0
313	0	0
314	0	0
315	0	0
316	0	0
317	0	0
318	0	0
319	0	0
320	0	0
321	0	0
322	0	0
323	0	0
324	0	0
325	0	0
326	0	0
327	0	0
328	0	0
329	0	0
330	0	0
331	0	0
332	0	0
333	0	0
334	0	0
335	0	0
336	0	0
337	0	0
338	0	0
339	0	0
340	0	0
341	0	0
342	0	0
343	0	0
344	0	0
345	0	0
346	0	0
347	0	0
348	0	0
349	0	0
350	0	0
351	0	0
352	0	0
353	0	0
354	0	0
355	0	0
356	0	0
357	0	0
358	0	0
359	0	0
360	0	0
361	0	0
362	0	0
363	0	0
364	0	0
365	0	0
366	0	0
367	0	0
368	0	0
369	0	0
370	0	0
371	0	0
372	0	0
373	0	0
374	0	0
375	0	0
376	0	0
377	0	0
378	0	0
379	0	0
380	0	0
381	0	0
382	0	0
383	0	0
384	0	0
385	0	0
386	0	0
387	0	0
388	0	0
389	0	0
390	0	0
391	0	0
392	0	0
393	0	0
394	0	0
395	0	0
396	0	0
397	0	0
398	0	0
399	0	0
400	0	0
401	0	0
402	0	0
403	0	0
404	0	0
405	0	0
406	0	0
407	0	0
408	0	0
409	0	0
410	0	0
411	0	0
412	0	0
413	0	0
414	0	0
415	0	0
416	0	0
417	0	0
418	0	0
419	0	0
