G_1,G_2,G_3,S_1,S_2,S_3,I_1,I_2,I_3
9.16699999993375,0.000999999999998278,0.0316227766016566,102.5,0.001,0.0316227766016838,52,0.001,0.0316227766016838
9.20886555627495,0.00199998017675978,0.0447211379188832,103.053467970753,0.00323085441666609,0.056840605350982,128.5,0.00225,0.0474341649025257
9.25127026463601,0.00299994037651419,0.0547717114623433,103.163362560711,0.00493878358685934,0.0702764796134477,167.303467970785,0.00479335441666609,0.069234055324429
9.29955909362446,0.00399982212151611,0.0632441469348438,103.303676776119,0.00744485702476972,0.0862835849091223,186.815096546546,0.00951006338221165,0.0975195538454296
9.35747871256908,0.00499953851451537,0.0707074148481994,103.478485444033,0.0110573404061139,0.105153889163045,196.71122504902,0.0164776257691966,0.128365204666984
9.42805940896032,0.00599898922794491,0.0774531421437821,103.692886868024,0.0160721548316312,0.126776002585786,201.834097965678,0.0266446396579378,0.163231858587525
9.51409329320851,0.00699806801261133,0.0836544560236413,103.952562362925,0.022773183159203,0.150907863145706,204.609935851902,0.0411723547495431,0.202909720687657
9.61834899770635,0.00799666646926781,0.0894240821550202,104.263389085366,0.0314325661468961,0.177292318352759,206.257530290258,0.0612435588698351,0.247474360025105
9.74363487066566,0.00899467594665308,0.0948402654290523,104.631018980251,0.0423109915046312,0.20569635753856,207.392154227275,0.0880076380368249,0.29666081311293
9.89276136414149,0.00999198850088532,0.0999599344781964,105.060385804237,0.0556579770948134,0.235919429243997,208.327096100181,0.122566482428866,0.350094962015831
10.068423788802,0.0109884973845135,0.104826033906246,105.555143806648,0.0717121487693145,0.267791241024262,209.223933863892,0.165972583679874,0.407397329004345
10.2730148315162,0.0119840972996222,0.109471901872683,106.117085450068,0.0907015130404621,0.301166918901233,210.167110745673,0.219230464054101,0.468220529295866
10.5083757328346,0.0129786845322714,0.113924029652534,106.74563249338,0.112843724681328,0.335922200340091,211.200640834828,0.283298728320477,0.532258140680325
10.775502664107,0.0139721570269385,0.118203879068914,107.437535759808,0.138346349320286,0.371949390805101,212.345952890294,0.359091988505141,0.599242846019159
11.0742382264439,0.0149644144303178,0.122329123393891,108.186936008737,0.167407121089725,0.409154153210896,213.610512378391,0.447482524045996,0.668941345744152
11.4029934516065,0.0159553581191741,0.126314520618867,108.98590897839,0.200214195390899,0.447453009142746,214.992192084223,0.549301710583268,0.74114891255622
11.7585578637828,0.0169448912196094,0.13017254403141,109.82552593764,0.236946396839988,0.486771401008716,216.482004756382,0.665341280568453,0.815684547216908
12.1360569964054,0.0179329186214382,0.133913847758319,110.697313954113,0.277773462463451,0.527042182812203,218.06652879425,0.796354469387582,0.89238695048033
12.5291023795547,0.0189193469895451,0.137547617171455,111.594839119448,0.322856280210898,0.568204435226352,219.730577935449,0.943057084570787,0.971111262714416
12.9301468767942,0.0199040847731627,0.141081837148383,112.515029715228,0.372347122856199,0.610202526097851,221.46012844386,1.10612852219275,1.05172644836609
13.3310144127397,0.0208870422135743,0.144523500558125,113.458868834508,0.426389877355659,0.652985357688562,223.24509334157,1.28621274518188,1.1341131976932
13.7235299861316,0.0218681313504862,0.147878772480996,114.431239588916,0.485120269732112,0.696505757142116,225.081415937352,1.48391923228854,1.21816223561911
14.1001495318118,0.0228472660272239,0.151153121129615,115.439950333439,0.548666085556374,0.740719977829931,226.971947468488,1.6998239028521,1.3037729491181
14.4544889975525,0.0238243618948683,0.154351423365216,116.494203849185,0.617147386089019,0.785587287377424,228.925924813978,1.9344700203372,1.39085226402275
14.7816788819026,0.0247993364153189,0.157478050582673,117.602908170735,0.690676720156612,0.831069624133028,230.957167072249,2.18836907646301,1.47931371806761
15.0785132503664,0.0257721088634232,0.160536939248957,118.77321578602,0.769359331822322,0.877131308198677,233.081490520394,2.46200165701952,1.5690766893366
15.3434064019551,0.0267426003281281,0.163531649316357,120.009550009473,0.853293363922145,0.92373879637165,235.313961916325,2.75581829005341,1.66006574871401
15.5762019142056,0.0277107337127582,0.166465412962448,121.313204920724,0.942570057526473,0.970860472738731,237.66652976062,3.07024027700987,1.75221011211837
15.7778936177998,0.0286764337343567,0.169341175543211,122.682454073473,1.03727394739977,1.01846646847099,240.146471189013,3.40566050713797,1.84544317364095
15.9503152548817,0.0296396269222555,0.172161630226527,124.113016618728,1.1374830535079,1.06652850571745,242.755688690531,3.76244425556141,1.93970210485049
16.0958433290575,0.0306002416157392,0.174929247456619,125.598708937549,1.24326906865033,1.11501976155149,245.49086045274,4.1409299652595,2.03492750860061
16.2171410928411,0.031558207960958,0.177646300161186,127.132133680727,1.35469754227489,1.16391474871439,248.344138901715,4.54143001313645,2.13106311805551
16.3169563454087,0.0325134579071021,0.180314885428525,128.705305139923,1.47182806052236,1.21318921052009,251.304203536237,4.96423146095847,2.22805553363431
16.3979743351432,0.033465925201763,0.182936943239366,130.310157093372,1.59471442258647,1.26282002778958,254.357407515683,5.40959679038849,2.32585399163157
16.4627200055856,0.0344155453856207,0.18551427272752,131.938917251962,1.72340481343469,1.31278513605033,257.488860489606,5.87776462346649,2.42441015990828
16.5135006182015,0.0353622557864699,0.188048546355642,133.584355332099,1.85794197293147,1.36306345154269,260.683347756571,6.36895042810573,2.52367795649638
16.5523788334269,0.0363059955124978,0.190541322322739,135.239925740013,1.99836336146298,1.41363480484281,263.926028988046,6.88334720918769,2.62361338790373
16.581167506993,0.037246705444972,0.192994055465374,136.899829381766,2.14470132208383,1.46447988107855,267.202940315553,7.42112618484975,2.72417440426448
16.6014386253056,0.0381843282302997,0.195408106869443,138.559017586063,2.29698323926369,1.51558016589809,270.50129933227,7.98243744956608,2.82532076932268
16.6145408604763,0.0391188082715233,0.197784752373694,140.213158143237,2.45523169426561,1.56691789646606,273.809666899013,8.56741062237426,2.92701394297572
16.6216214374313,0.0400500917191482,0.200125190116457,141.85857925715,2.61946461726965,1.61847601689665,277.117991248584,9.17615548231873,3.02921697511399
16.6236495986241,0.0409781264615511,0.202430547253993,143.492202009295,2.78969543618417,1.67023813756727,280.417574612069,9.80876258987165,3.13189440911913
16.6214397532323,0.0419028621147198,0.204701885957897,145.11146960479,2.96593322233698,1.72218849791101,283.700989807652,10.465303895305,3.23501219399633
16.6156732332611,0.0428242500114856,0.206940208783807,146.714278322058,3.14818283301675,1.77431193227593,286.961964233075,11.1458333347658,3.33853760421623
16.6069180864395,0.0437422431905971,0.209146463490534,148.298912885126,3.33644505087405,1.82659383850763,290.195261163589,11.8503874121035,3.44243916607157
16.5956466291352,0.0446567963846613,0.211321547374283,149.863988039114,3.5307167203725,1.87902014900653,293.396543365078,12.5789857701568,3.54668659034835
16.582250770375,0.0455678660082969,0.21346631117883,151.408396883872,3.73099088120892,1.9315773039692,296.562259598677,13.3316317478793,3.65125071008269
16.5670552033171,0.0464754101455031,0.215581562628865,152.931265877051,3.93725689882397,1.98425222661434,299.689526673677,14.1083129259974,3.75610342322963
16.5503286472928,0.047379388536651,0.21766806963046,154.431916084105,4.14950059201955,2.03703230019054,302.776029056238,14.9090016614792,3.86121763974516
16.5322933548817,0.0482797625651882,0.219726563176117,155.909830281552,4.36770435774086,2.08990534659847,305.819930201438,15.7336556091181,3.96656723239605
16.5131331002989,0.0491764952438707,0.221757739986389,157.364625156299,4.59184729309686,2.14285960648309,308.819795444733,16.5822182324027,4.07212699119302
16.4929998545035,0.0500695512005853,0.223762264916552,158.796027921505,4.82190531462957,2.19588372065316,311.774522602495,17.4546193027614,4.17787258096288
16.4720193522185,0.0509588966640466,0.225740773153736,160.203856788439,5.057851274887,2.24896671271208,314.683289457856,18.3507753867456,4.28378050170006
16.4502957065805,0.051844499448872,0.227693872225126,161.58800478407,5.29965507642753,2.30209797281252,317.545500895156,19.2705903249977,4.38982805187147
16.4279152315261,0.0527263289406473,0.229622143837756,162.948426182067,5.54728378302069,2.35526724237839,320.360755173739,20.213955697697,4.49599329377803
16.4049496013342,0.0536043560804436,0.231526145565557,164.285125459042,5.80070172864107,2.40846459983141,323.128804425333,21.1807512786447,4.60225502103531
16.3814584547142,0.0544785533492648,0.233406412399627,165.598147973657,6.05987062357342,2.4616804470876,325.849527992825,22.1708454855847,4.70859272878689
16.3574915437616,0.0553488947519194,0.235263458173851,166.887572423105,6.32474965836193,2.51490549690479,328.522911792385,23.1840958098049,4.81498658459241
16.3330904983876,0.0562153558010299,0.237097776879139,168.153504605154,6.59529560508598,2.56813076090101,331.149028516939,24.2203492446739,4.92141740199649
16.3082902780805,0.0570779135004274,0.238909843875106,169.391007897612,6.87146291656408,2.62134753830241,333.728019165363,25.2794427010286,5.02786661527815
16.2826139305365,0.0579365463289627,0.240700117010696,170.611273951397,7.15320382290979,2.67454740524631,336.2550182553,26.3612034107013,5.13431625542304
16.2566851407754,0.0587912342231219,0.242469037658671,171.808166188812,7.44046842592027,2.72772220468292,338.738782734502,27.4654493249555,5.24074892786857
16.2305082329303,0.0596419585601632,0.244217031675031,172.981914674149,7.73320479136591,2.78086403683566,341.177557651822,28.5919894999673,5.34714779110951
16.2040877103933,0.0604887021410947,0.245944510288591,174.1327476878,8.03135903876618,2.83396525009856,343.570693170526,29.7406244770013,5.45349653681024
16.1774281375041,0.0613314491730149,0.247651870925731,175.260891858977,8.33487542931668,2.88701843245184,345.91809425865,30.9111466446809,5.55977937014419
16.150534091189,0.0621701852518379,0.249339497977833,176.366572243343,8.64369645124178,2.94001640322665,348.219938949054,32.1033406082838,5.66598099258052
16.1234101301108,0.0630048973441752,0.251007763513751,177.450012252112,8.95776290368708,2.99295220537968,350.476540931882,33.3169835342158,5.77208658408862
16.0960607782963,0.0638355737699753,0.25265702794495,178.511433805878,9.27701397791484,3.04581909802845,352.68828236119,34.5518454906064,5.8780817866551
16.0684905271172,0.064662204184164,0.254287640643748,179.551057176157,9.60138733692781,3.09861054941208,354.855576269638,35.807689787652,5.98395268928924
16.0407038230443,0.0654847795589259,0.255899940521537,180.569101151951,9.93081919287591,3.15132023013782,356.978844366147,37.0842733046488,6.0896858132952
16.0127050692439,0.0663032921652188,0.25749425656744,181.565782936114,10.2652443824863,3.20394200672957,359.058522647626,38.3813468006137,6.1952680975575
15.984498627276,0.0671177355545636,0.25907090835245,182.541318233958,10.604596440986,3.25646993552619,361.095044203806,39.6986552247907,6.3006868851571
15.9560888154473,0.0679281045410051,0.260630206501482,183.495921178088,10.9488076736069,3.30889825676265,363.088840716468,41.0359380239049,6.40592991094227
15.9274799089616,0.0687343951824138,0.262172453134218,184.429804424924,11.2978092254983,3.36122138894454,365.040341329956,42.3929294455805,6.51098528992198
15.8986761369804,0.0695366047618387,0.263697942278355,185.343179075611,11.6515311500094,3.41343392348663,366.949976231878,43.7693587922772,6.61584150295918
15.8696816898316,0.0703347317695716,0.265206960258534,186.236254747881,12.0099024746862,3.46553061949915,368.818166765262,45.1649507487632,6.7204873892273
15.8405007150463,0.0711287758836268,0.266699786058457,187.109239577391,12.3728512664937,3.51750639892718,370.645337281567,46.5794256115461,6.82491213214837
15.8111373130517,0.0719187379522711,0.268176691664789,187.962340181848,12.7403046937486,3.56935634166002,372.431908953787,48.0124995733889,6.92910525056366
15.7815955495362,0.0727046199741339,0.269637942385959,188.795761666059,13.1121890883884,3.62107568111858,374.178293579377,49.4638849865614,7.03305658917667
15.7518794410336,0.0734864250807375,0.27108379715641,189.609707688164,13.4884300047156,3.67265979975217,375.88490884655,50.9332906048865,7.13675630835792
15.721992968797,0.074264157516703,0.27251450881871,190.40438048173,13.8689522781086,3.72410422492559,377.552162745962,52.4204218346767,7.24019487546272
15.6919400710282,0.0750378226225646,0.273930324393932,191.17998069121,14.2536800805763,3.77540462474902,379.180461649159,53.9249809681837,7.34336305572479
15.6617246430041,0.0758074268141465,0.275331485330222,191.93670765303,14.6425369765047,3.82655680429609,380.77021141681,55.4466674199803,7.44625190414482
15.6313505428224,0.0765729775655328,0.276718227743553,192.674759123428,15.0354459750319,3.87755670171719,382.321815310762,56.9851779394014,7.54885275650554
15.6008215849897,0.0773344833893023,0.278090782639954,193.394331556719,15.4323295829977,3.92840038476194,383.835666259877,58.5402068629739,7.65115722377823
15.5701415484679,0.0780919538190953,0.279449376129372,194.09561978982,15.8331098540191,3.97908404711676,385.312163371295,60.111446280974,7.75315718149542
15.539314167767,0.0788453993895691,0.280794229622991,194.778817344462,16.2377084387488,4.0296040052031,386.751700889474,61.69858628679,7.85484476528913
15.5083431417796,0.0795948316191718,0.28212556002456,195.444116372207,16.6460466319545,4.07995669486265,388.154668838041,63.3013151519332,7.95621236216915
15.4772321300682,0.0803402629909767,0.283443579907848,196.09170746571,17.0580454176046,4.13013866808423,389.521450073012,64.9193195402679,8.05725260496827
15.4459847493692,0.0810817069338617,0.284748497684995,196.721779904763,17.4736255161562,4.18014659027123,390.85243213723,66.5522846820943,8.15795836481741
15.4146045842388,0.0818191778056978,0.286040517769245,197.334521543555,17.8927074251396,4.22997723695289,392.147995838636,68.1998945695318,8.25832274554172
15.3830951766774,0.082552690872287,0.287319840721602,197.930118842354,18.3152114638505,4.27962749124856,393.408520732516,69.8618321315819,8.35833907732762
15.3514600312461,0.0832822622919918,0.288586663399388,198.50875688221,18.7410578128721,4.32909434095309,394.63437913453,71.5377794169479,8.45800091138254
15.3197026153884,0.0840079090954661,0.289841179088593,199.070619343348,19.1701665542016,4.37837487593303,395.825945803473,73.2274177337459,8.5573020125356
15.2878263615175,0.084729649168932,0.291083577635242,199.615888552759,19.6024577100474,4.42746628559127,396.98359114491,74.9304278552883,8.65623635625139
15.2558346629144,0.0854475012347911,0.292314045565366,200.144745463481,20.0378512794342,4.47636585629841,398.107682927521,76.646490156286,8.75479812196067
15.2237308732514,0.0861614848347082,0.293532766202869,200.657369653022,20.4762672749631,4.52507096905265,399.198587679923,78.3752847515939,8.85298168706984
15.1915183153488,0.0868716203114072,0.294739919779129,201.153939331404,20.9176257579612,4.57357909715807,400.256664495733,80.1164916945329,8.95078162478188
15.1592002719494,0.0875779287910206,0.29593568353786,201.634631494128,21.3618468715693,4.62188780387076,401.282270748612,81.8697910627248,9.04819269593242
15.1267799899756,0.0882804321650887,0.297120231833998,202.09962160728,21.8088508739908,4.66999474025301,402.275770133847,83.6348631198787,9.14520984559013
15.0942606839937,0.0889791530734389,0.298293736228971,202.549083867954,22.2585581708079,4.71789764310417,403.237507184139,85.4113885104776,9.24182820174004
15.0616455278051,0.0896741148865279,0.299456365580243,202.983191300493,22.7108893444016,4.76559433275658,404.167837853812,87.1990482700927,9.33804306426634
15.0289376658669,0.090365341687773,0.300608286126269,203.402115344385,23.1657651842981,4.81308271114243,405.067109390992,88.9975240833139,9.43384990782204
14.9961402024473,0.0910528582564576,0.301749661568091,203.806026389986,23.6231067156333,4.86036075982363,405.93567468555,90.8064982380659,9.52924436868244
14.9632562119671,0.091736690051186,0.302880653147714,204.195093293268,24.0828352274438,4.90742653816068,406.77386252046,92.6256539737311,9.62422225292678
14.9302887325555,0.0924168631924143,0.30400141972105,204.569483760592,24.5448722985421,4.95427818138446,407.582025516018,94.4546754095533,9.71877952263315
14.8972407629281,0.0930934044455136,0.305112117828043,204.929364115389,25.009139823542,5.0009138988331,408.360497235876,96.2932477230495,9.81291229569742
14.8641152804532,0.0937663412042616,0.306212901759971,205.274899627908,25.4755600375488,5.04733197219568,409.109611134543,98.1410572477804,9.90661684167609
14.8309152165941,0.0944357014740317,0.307303923622904,205.606253851087,25.9440555406792,5.09353075387586,409.829707483769,99.9977915933642,9.99988957905857
14.7976434748989,0.0951015138555761,0.308385333398941,205.923589529677,26.4145493206314,5.13950866529393,410.521104767531,101.863139675878,10.0927270683338
14.7643029221939,0.0957638075289155,0.309457279004575,206.227067776478,26.8869647742976,5.18526419522647,411.184140215464,103.736791997885,10.1851260177714
14.7308964032528,0.0964226122359073,0.310519906344033,206.516848799575,27.361225730176,5.23079589834817,411.819136719026,105.618440418498,10.277083264161
14.6974267186298,0.0970779582654649,0.311573359364155,206.793091165583,27.8372564685844,5.27610239367892,412.426413941768,107.50777863668,10.3685957890488
14.6638966400893,0.0977298764368181,0.312617780103465,207.05595251608,28.3149817403492,5.32118236300441,413.006302577619,109.40450189105,10.4596606967459
14.6303089079362,0.0983783980847672,0.313653308741941,207.305589183209,28.7943267883907,5.36603454968292,413.559100479674,111.30830739758,10.5502752285227
14.5966662354229,0.0990235550438779,0.314680083646674,207.542156086994,29.2752173619699,5.4106577568693,414.085135943046,113.218894123675,10.6404367449685
14.56297129058,0.099665379630398,0.315698241411633,207.765807149758,29.7575797381727,5.45505084652496,414.584724013361,115.135963041681,10.7301427316546
14.529226726048,0.10030390463198,0.316707916907645,207.976695027018,30.2413407344226,5.4992127376946,415.058172318591,117.05921719419,10.8193907958901
14.4954351537107,0.100939163286645,0.317709243313199,208.174971013524,30.726427728567,5.5431424055825,415.505779215338,118.988361704736,10.9081786612035
14.4615991586843,0.10157118927278,0.318702352160727,208.360785447459,31.2127686720955,5.58683888009092,415.927861366281,120.923103821764,10.9965041636769
14.4277212946062,0.102200016691993,0.319687373369661,208.53428721951,31.7002921031112,5.63030124443721,416.324713141038,122.86315303637,11.0843652518477
14.3938040844771,0.102825680053609,0.320664435280261,208.695624190762,32.1889271642459,5.67352863430211,416.696650126856,124.808221198383,11.1717599866083
14.3598500194512,0.103448214262245,0.321633664690506,208.84494304219,32.6786036118331,5.716520236283,417.043947068076,126.758022441106,11.2586865326781
14.3258615627598,0.104067654601381,0.322595186885021,208.982389152522,33.1692518316108,5.75927528701405,417.366919261459,128.71227335691,11.3451431615873
14.291841150573,0.104684036720843,0.323549125668488,209.108106844518,33.6608028482885,5.80179307182603,417.665850896939,130.670692978782,11.4311282460999
14.2577911839715,0.10529739662147,0.324495603393128,209.222239184646,34.1531883373164,5.84407292368228,417.941022896571,132.633002847569,11.5166402586679
14.2237140418362,0.105907770640996,0.32543474098657,209.324928251304,34.6463406396039,5.88611422243944,418.19275209431,134.598927022746,11.6016777675794
14.1896120671934,0.106515195442802,0.326366657982708,209.41631475592,35.1401927654464,5.92791639325711,418.421306024605,136.568192228658,11.6862394391292
14.1554875792096,0.107119707998751,0.327291472542062,209.496538485255,35.6346784090983,5.96947890599324,418.626969166036,138.540527783283,11.7703240305135
14.1213428631917,0.107721345578743,0.328209301481148,209.565737823845,36.1297319543911,6.01080127390609,418.810017972828,140.515665828749,11.8539303958117
14.0871801855641,0.108320145735611,0.329120260293424,209.624050347658,36.6252884874345,6.05188305302032,418.970752187491,142.493341051034,11.9370574703749
14.0530017760276,0.108916146292898,0.330024463173411,209.671612014177,37.1212838000841,6.09272384078616,419.109426470519,144.47329106883,12.0197042837513
14.018809841897,0.10950938533236,0.330922023039205,209.708558355691,37.6176544006495,6.13332327540702,419.22632243765,146.455256139107,12.1018699439015
13.9846065596816,0.110099901179011,0.331813051550132,209.735023230596,38.1143375203821,6.17368103487555,419.321717516624,148.438979412237,12.1835536446571
13.9503940797816,0.110687732392192,0.33269765913242,209.751139575562,38.6112711171998,6.21379683584841,419.395892991115,150.424206919909,12.264754662035
13.9161745259425,0.111272917748567,0.333575954991614,209.757039275588,39.108393886648,6.25367043316547,419.449078751546,152.410687678434,12.3454723554198
13.8819499924348,0.111855496234559,0.334448047138205,209.752853057709,39.6056452646581,6.29330161875768,419.481578594875,154.398173398857,12.4257061529257
13.8477225516389,0.11243550703129,0.335314042400986,209.738710541134,40.1029654308355,6.33269022065942,419.493640020394,156.386418864211,12.5054555640413
13.8134942493528,0.113012989502558,0.336174046444038,209.714740411505,40.6002953202235,6.37183610274335,419.485534378437,158.375181890933,12.5847201753131
13.7792670991053,0.113587983186408,0.337028163788143,209.681070136112,41.0975766173468,6.41073916310333,419.45750006668,160.364223110003,12.6634996391204
13.7450430924726,0.114160527777543,0.337876497817684,209.637826030726,41.5947517698792,6.44939933403718,419.409823000296,162.35330626184,12.7417936830667
13.710824196961,0.114730663122741,0.338719150806005,209.585133642495,42.0917639847364,6.48781658069465,419.342729847215,164.342198106412,12.8196021040597
13.6766123530649,0.115298429205274,0.33955622392363,209.523117242812,42.5885572391386,6.525990900939,419.256504704807,166.330668375128,12.8969247642656
13.6424094739377,0.115863866134553,0.340387817253428,209.451900045202,43.0850762745815,6.56392232392961,419.15137229496,168.318489958836,12.9737615963465
13.6082174504668,0.116427014135865,0.341214029805143,209.371604391147,43.5812666039677,6.60161090976799,419.02758541336,170.305438675673,13.050112592452
13.5740381477726,0.116987913539088,0.34203495952766,209.282351266069,44.0770745134803,6.63905674877692,418.88538649345,172.291293511548,13.1259778116355
13.5398734061031,0.11754660476861,0.342850703322321,209.184261138332,44.5724470671047,6.67625996101894,418.725051158623,174.275836441135,13.201357371162
13.5057250401101,0.118103128334085,0.343661357056747,209.077453037426,45.0673320968311,6.71322069478065,418.54678546621,176.25885274818,13.2762514569505
13.4715948446873,0.118657524814522,0.344467015568286,208.96204493705,45.5616782202554,6.74993912715185,418.350845519857,178.240130480972,13.3506603013099
13.4374845800441,0.119209834857609,0.34526777268898,208.838154063498,46.0554348247969,6.78641546214177,418.13747222954,180.219461120478,13.4245842066143
13.4033959966626,0.119760099159909,0.34606372124207,208.705896554911,46.5485520830524,6.8226499311523,417.90688554563,182.196639045357,13.4980235236629
13.3693308089698,0.120308358466394,0.346854953065967,208.565387436304,47.0409809387432,6.85864279130669,417.659342392169,184.171461704821,13.5709786568553
13.3352907219059,0.12085465355251,0.347641559012311,208.4167409315,47.5326731212034,6.8943943259146,417.395059637768,186.143729949375,13.6434500750131
13.3012773983552,0.121399025221857,0.348423628966028,208.260070111734,48.0235811287331,6.92990484268963,417.114267745459,188.113247454824,13.7154382888344
13.2672924992192,0.121941514290061,0.349201251844923,208.095487020488,48.513658245204,6.9651746744216,416.817204196952,190.079821111218,13.7869438640773
13.2333376432484,0.122482161581782,0.349974515617612,207.923102958895,49.0028585210256,7.00020417709552,416.504091987892,192.043260913217,13.8579674163716
13.1994144392326,0.123021007917383,0.350743507306098,207.743028133395,49.4911367872627,7.03499373043521,416.175141553381,194.003379850116,13.928509606204
13.1655244663101,0.123558094107663,0.351508312999369,207.555371673179,49.9784486441815,7.06954373663404,415.830609921578,195.95999430624,13.9985711523084
13.1316692883566,0.124093460941599,0.352269017856523,207.360241990587,50.4647504635015,7.10385462009897,415.470668510467,197.912923449234,14.0681528087107
13.0978504420787,0.124627149179845,0.353025706117621,207.157746395972,50.9499993903222,7.13792682719024,415.095583039124,199.861989780139,14.137255383565
13.064069445357,0.125159199548517,0.353778461114463,206.947991216238,51.4341533341036,7.17176082521605,414.705534376873,201.807018557954,14.2058797178476
13.030327787645,0.125689652728109,0.354527365273979,206.731081896049,51.917170966581,7.2053571019472,414.300750434361,203.747838718504,14.2740267170306
12.9966269449468,0.126218549345094,0.355272500125037,206.507122841195,52.3990117215057,7.23871616528136,413.881466287416,205.684281377645,14.3416972976578
12.9629683712102,0.126745929964067,0.356013946305572,206.276217986047,52.8796357960166,7.27183854303825,413.447857110199,207.61618158151,14.4088924481207
12.9293534944399,0.127271835083933,0.356751783574985,206.038469543403,53.3590041382404,7.3047247818272,413.000145365964,209.543376982782,14.4756131815817
12.8957837220974,0.127796305126034,0.357486090814781,205.793979616186,53.8370784523028,7.33737544714067,412.538540206461,211.465708246821,14.5418605496965
12.8622604493417,0.128319380429246,0.358216946038634,205.542848974234,54.3138211872137,7.36979112235983,412.063255582238,213.383019173471,14.6076356462458
12.8287850385368,0.128841101239355,0.358944426394051,205.28517735514,54.7891955404395,7.4019724087867,411.574466769548,215.295156626746,14.6729396041402
12.7953588419396,0.129361507706382,0.359668608174778,205.021063856603,55.263165455299,7.43391992526816,411.072415729488,217.201970291506,14.737773586655
12.7619831841376,0.129880639876629,0.360389566825441,204.750606688572,55.7356956055959,7.46563430698262,410.557272316054,219.103313073415,14.8021388006401
12.728659375303,0.130398537681748,0.361107376941745,204.473903200898,56.2067514068312,7.49711620603758,410.029233505033,220.999040587082,14.8660364787351
12.6953887031848,0.130915240939486,0.361822112286529,204.19104943901,56.6762989965878,7.52836629001192,409.48851808122,222.889011495694,14.9294678905745
12.6621724359965,0.131430789337747,0.362533845782358,203.902141246987,57.1443052397617,7.55938524218483,408.935307671152,224.773087593546,14.9924343451471
12.6290118175688,0.131945222435453,0.36324264952708,203.607272988722,57.6107377251039,7.59017376119308,408.36979544126,226.651133214822,15.0549371707365
12.5959080852994,0.132458579655623,0.363948594798253,203.306538638385,58.0755647586006,7.62073256049578,407.792174117365,228.523015911137,15.1169777373368
12.562862446498,0.132970900277264,0.364651752055662,203.000031087151,58.5387553554134,7.65106236776393,407.202632000747,230.388605909291,15.17855743835
12.5298760959523,0.133482223429806,0.365352190947045,202.687842128431,59.0002792319936,7.68116392430168,406.601339272155,232.247776641953,15.2396777079423
12.496950197623,0.133992588085309,0.366049980310489,202.370063228565,59.4601068151074,7.71103798558322,405.988515344281,234.100403950762,15.3003399946133
12.4640859144917,0.134502033057737,0.366745188186208,202.046784616449,59.9182092225267,7.74068531995241,405.364324003717,235.946366838674,15.3605457858331
12.4312843807642,0.135010596993664,0.36743788181632,201.718095792917,60.3745582638928,7.77010670865547,404.728946787235,237.785546815629,15.4202965865002
12.3985467090463,0.135518318367985,0.368128127651209,201.384085447395,60.8291264365605,7.79930294555613,404.08255815209,239.617828358652,15.479593933907
12.3658740040113,0.136025235477283,0.36881599135244,201.044841548092,61.281886915338,7.82827483647182,403.425374127594,241.443098760144,15.538439392685
12.3332673491921,0.136531386436309,0.369501537799654,200.700450962221,61.7328135523207,7.8570231991716,402.757540539551,243.261247851653,15.5968345458831
12.3007277995867,0.137036809173487,0.370184831095882,200.351000076131,62.1818808680823,7.88554886283018,402.079206814463,245.072168647576,15.6547810156379
12.2682564106763,0.137541541425127,0.370865934570872,199.996574090916,62.6290640448913,7.91385266762601,401.390599933269,246.875756093963,15.7122804230946
12.2358542026537,0.138045620728749,0.371544910783002,199.637257876052,63.0743389280796,7.94193546486495,400.691876663727,248.67190860025,15.7693344374533
12.2035221941469,0.138549084422336,0.372221821528959,199.27313509485,63.5176820107315,7.96979811605862,399.983186040788,250.460526538643,15.8259447281558
12.1712613750203,0.139051969636275,0.372896727843347,198.904288853017,63.9590704321613,7.99744149288767,399.264740157793,252.241513527965,15.8821130057674
12.139072731564,0.139554313291726,0.373569690006732,198.530801279467,64.3984819737503,8.02486647700448,398.536661817091,254.014775454039,15.9378409909887
12.1069572127031,0.140056152094385,0.374240767547291,198.152753876273,64.8358950443169,8.05207395919318,397.799123461055,255.780220995428,15.9931304313892
12.0749157667846,0.140557522528151,0.374910019242152,197.770227244859,65.2712886875628,8.07906483991574,397.052331513528,257.537760744212,16.0479830740256
12.0429493247707,0.141058460858895,0.375577503132037,197.383301448786,65.7046425696902,8.1058400286269,396.296385843595,259.287308909408,16.1024007188185
12.0110587918724,0.141559003124585,0.376243276517448,196.99205540431,66.1359369712863,8.13240044336764,395.531496757107,261.028781437603,16.1563851599794
11.9792450693822,0.142059185130969,0.37690739596215,196.596567642326,66.565152776536,8.15874701020543,394.757803875234,262.762096835657,16.209938211963
11.9475090343028,0.142559042448554,0.377569917298179,196.196915567976,66.9922714760642,8.18488066352004,393.975458896264,264.487176560586,16.2630617216004
11.9158515509252,0.143058610412301,0.378230895634268,195.793176468571,67.4172751610989,8.21080234575762,393.184648326363,266.20394358449,16.3157575240774
11.8842734644568,0.143557924114781,0.378890385355423,195.385426014083,67.8401465052289,8.2365130064384,392.385503339696,267.912324139583,16.3680274969094
11.8527756104091,0.144057018403955,0.37954844012847,194.973739728631,68.2608687747752,8.26201360291638,391.578181865157,269.61224667075,16.4198735278549
11.8213588027926,0.144555927880229,0.38020511290648,194.558192207268,68.6794258067698,8.28730509917246,390.762819587188,271.303641820425,16.4712975147808
11.790023842558,0.145054686891891,0.380860455930898,194.138857381628,69.0958020111283,8.31238846608653,389.939595190013,272.986442533119,16.5223013691531
11.7587715203583,0.1455533295355,0.381514520740037,193.715808343143,69.509982363196,8.3372646811287,389.108663263105,274.660583902773,16.572887011706
11.7276026049884,0.146051889647777,0.382167358166259,193.289117829668,69.9219523955793,8.36193472801476,388.270144144487,276.326003824253,16.6230563923802
11.6965178532666,0.146550400807786,0.382819018346511,192.858857285963,70.3316981884173,8.38639959627594,387.424185975997,277.982642416817,16.6728114730785
11.6655180065023,0.147048896330645,0.383469550721625,192.425097832067,70.7392063759582,8.41066028180655,386.570931078801,279.630441614682,16.7221542157307
11.6346037932787,0.147547409268283,0.384119004044688,191.987909748463,71.1444641181909,8.4347177853317,385.710573233613,281.269345255653,16.77108658542
11.6037759299629,0.148045972403562,0.384767426380615,191.547362896572,71.5474591200217,8.4585731137126,384.843196626701,282.899300492068,16.8196105927595
11.5730351096349,0.148544618249928,0.385414865112813,191.103525735726,71.948179599256,8.48222727821272,383.968967237356,284.520255475056,16.8677282250769
11.5423820219677,0.149043379048374,0.386061366946207,190.656466967608,72.3466142966573,8.50568129526714,383.088008584971,286.132161337361,16.915441505836
11.5118173317437,0.149542286764797,0.386706977910662,190.206253873978,72.7427524681041,8.52893618619017,382.20049538422,287.734970673513,16.9627524498093
11.48134170464,0.150041373090927,0.387351743368901,189.75295337525,73.1365838718091,8.55199297659961,381.306503285513,289.328638771399,17.0096630998794
11.4509557799308,0.150540669437138,0.387995708013811,189.296631699956,73.5280987660452,8.57485269646338,380.406199403805,290.913122339423,17.0561754898167
11.4206601911825,0.151040206934885,0.388638915878074,188.837354227783,73.9172879049774,8.59751638003542,379.499726305379,292.488380550129,17.1022916753904
11.3904555438456,0.151540016434848,0.389281410338135,188.375186062291,74.3041425134484,8.61998506457223,378.587217836045,294.054374136801,17.1480137082054
11.360342458199,0.152040128498856,0.38992323411007,187.910191068481,74.6886543024404,8.64225979142264,377.668800725941,295.611066107831,17.1933436570037
11.3303215166918,0.152540573405724,0.390564429263245,187.442433084869,75.0708154684865,8.6643416061745,376.744579417463,297.158421872378,17.2382836115542
11.3003932883277,0.153041381149124,0.391205037223608,186.971974691122,75.4506186542834,8.68623155656602,375.814713552923,298.696407939151,17.2828356452045
11.2705583508869,0.153542581430491,0.391845098770536,186.498878249718,75.8280569722063,8.70793069404013,374.879337750935,300.22499265058,17.3270018367455
11.2408172494733,0.154044203662872,0.39248465404761,186.023205453761,76.2031239841947,8.72944007277642,373.938534337677,301.744147280531,17.3707843024007
11.2111705250027,0.154546276966954,0.393123742563272,185.545017129673,76.5758137000798,8.75076074979083,372.992480571769,303.253843753103,17.4141851303213
11.1816187038919,0.155048830170333,0.393762403195547,185.064373415167,76.9461205652473,8.77189378442576,372.041256825815,304.754056439637,17.4572064328643
11.1521622988539,0.155551891810626,0.394400674201535,184.581334328961,77.3140394625998,8.79284023866008,371.085023723897,306.244761105125,17.4998503166491
11.1228018150682,0.156055490123573,0.395038593207769,184.09595861087,77.6795656994891,8.81360117656166,370.123851847102,307.725936206282,17.5421189200815
11.0935377425881,0.156559653055053,0.395676197230833,183.608304975011,78.0426950006388,8.83417766408616,369.157876743024,309.197560833927,17.584014354917
11.0643705488957,0.157064408250896,0.396313522669737,183.118431067447,78.4034235108569,8.85457076943072,368.18725628433,310.65961598318,17.625538743062
11.0353007245081,0.157569783060529,0.396950605315736,182.626394137171,78.7617477749139,8.8747815620957,367.212036780973,312.112085335618,17.6666942390369
11.0063287065529,0.158075804533755,0.397587480353387,182.13225061266,79.1176647399658,8.89481111322583,366.232422195699,313.554952084406,17.7074829403957
10.977454934668,0.158582499421228,0.398224182366199,181.636056698125,79.4711717553227,8.91466049579695,365.248464519966,314.988203208236,17.7479070092289
10.9486798522198,0.159089894176039,0.398860745343583,181.137867878596,79.8222665482588,8.93433078345876,364.260263453264,316.411827086911,17.7879686048439
10.9200038751626,0.159598014947758,0.399497202678264,180.637738722732,80.1709472363897,8.95382305143393,363.268027817926,317.825811603124,17.8276698309993
10.8914274107518,0.160106887587315,0.400133587177227,180.135723442354,80.5172123043677,8.97313837541625,362.271749505483,319.230149106783,17.8670128758778
10.862950861371,0.160616537642986,0.400769931061434,179.631875667385,80.8610606132169,8.99227783229683,361.271564869655,320.624831524222,17.9059998750202
10.8345746090168,0.161126990362668,0.40140626597335,179.126248708725,81.2024913812485,9.01124249930322,360.267673654101,322.009852136115,17.9446329618668
10.806299034881,0.16163827069052,0.402042622977366,178.618894832013,81.5415041899353,9.03003345453024,359.260075664422,323.385207402969,17.9829143189576
10.7781244977132,0.16215040327009,0.402679032568235,178.109865892425,81.878098972712,9.04865177651964,358.248925965177,324.750893222777,18.0208460739993
10.7500513624229,0.162663412442951,0.40331552467386,177.599213265133,82.212275994825,9.06709854335029,357.234324907312,326.106908732049,18.0584304061025
10.7220799678758,0.163177322246038,0.403952128656402,177.086987653849,82.5440358778909,9.08537483419869,356.216355873663,327.453253361938,18.0956694643204
10.6942106438896,0.16369215641599,0.40458887332203,176.573239573241,82.8733795631067,9.10348172750991,355.195187104264,328.78992763851,18.132565390438
10.6664437219535,0.164207938386031,0.405225786921355,176.058018303511,83.2003083283798,9.12142030214482,354.170827866138,330.116934739985,18.1691203623066
10.6387795131181,0.164724691287885,0.405862897156029,175.541372995277,83.5248237640113,9.13919163624504,353.143439820506,331.434278291929,18.2053365333335
10.6112183176532,0.16524243795005,0.406500231180808,175.023352350452,83.8469277772836,9.15679680768792,352.113082319627,332.741963084493,18.2412160527881
10.5837604357793,0.165761200898711,0.407137815608808,174.504004469453,84.1666225912481,9.17423689421895,351.07989778795,334.039995707044,18.2767610836013
10.556406146696,0.166281002359853,0.407775676518172,173.983376608859,84.4839107300113,9.19151297284682,350.043973037235,335.328383456716,18.3119737728273
10.5291557269965,0.166801864257519,0.408413839453953,173.461515591599,84.7987950003641,9.20862611904534,349.005351940412,336.607135677077,18.3468562886691
10.5020094357878,0.167323808212086,0.409052329429972,172.938468337767,85.1112785296547,9.22557740901103,347.964178257807,337.876262324277,18.3814107816641
10.4749675338816,0.167846855548534,0.409691170942863,172.414280230309,85.4213647026527,9.2423679164299,346.92057268269,339.135773860893,18.4156393823536
10.4480302659322,0.168371027286175,0.410330387963376,171.888996785989,85.7290572010073,9.25899871481832,345.87455265686,340.385684262452,18.4495442833272
10.4211978669204,0.168896344147187,0.410970003950637,171.362663048666,86.0343599864404,9.27547087680407,344.826269822071,341.626005831945,18.4831275987573
10.394470564253,0.169422826555084,0.41161004185404,170.835322956553,86.337277266243,9.29178547246131,343.775808567389,342.856753133478,18.5163914717063
10.36784857861,0.169950494632367,0.412250524114121,170.307020601864,86.637813538326,9.307943571935,342.723240404877,344.077943109604,18.5493380773979
10.3413321135863,0.17047936820663,0.412891472673668,169.777799296099,86.9359735452723,9.3239462431565,341.668619635939,345.289592036354,18.5819695413687
10.3149213764395,0.171009466806794,0.413532908976776,169.247701905323,87.2317622946354,9.33979455312778,340.612140140624,346.491717241225,18.6142879864158
10.2886165564522,0.17154080966581,0.414174853975722,168.716770542303,87.5251850197765,9.35548956601292,339.553769141431,347.68433880588,18.6462955786365
10.2624178331956,0.172073415719217,0.414817328132778,168.185047000657,87.8162472177533,9.3710323453584,338.493652538363,348.867475976101,18.6779944313114
10.2363253781975,0.172607303609512,0.415460351429004,167.652572870907,88.1049546116548,9.38642395226504,337.431888712318,350.041149851149,18.7093866775784
10.2103393599949,0.173142491684512,0.416103943365731,167.119388795096,88.3913131616944,9.40166544616933,336.368495996665,351.205383048931,18.7404744616813
10.1844599449787,0.173678997998936,0.416748122969902,166.585535239795,88.6753290620391,9.4167578848582,335.303648106677,352.360197146081,18.7712598710391
10.1586872768213,0.174216840317373,0.417392908801016,166.05105208789,88.9570087208607,9.43170232359253,334.237348843501,353.505617083603,18.8017450542125
10.1330214936419,0.174756036110905,0.418038318950434,165.515978656524,89.2363587563245,9.44649981508095,333.16973143037,354.641666757963,18.8319321036893
10.1074627239588,0.175296602560515,0.418684371048782,164.980354094362,89.5133860128499,9.46115141052345,332.100857377308,355.768372459898,18.8618231478269
10.0820111053811,0.175838556558845,0.41933108227133,164.44421638635,89.7880975288201,9.47565815808169,331.03075411622,356.885760978205,18.8914203007134
10.0566667457583,0.176381914709903,0.419978469340873,163.907604048609,90.0605005504127,9.49002110379175,329.959607598382,357.99385824727,18.9207256268693
10.0314297545849,0.176926693332221,0.420626548534707,163.370554506388,90.3306025295115,9.50424129162931,328.88740619565,359.092693784872,18.9497412590482
10.0063002351417,0.177472908458417,0.421275335687265,162.833104747369,90.5984111002957,9.5183197624526,327.814270969133,360.182295934012,18.9784692726788
9.98127828555391,0.178020575835203,0.421924846193256,162.295291608261,90.8639340852189,9.53225755449458,326.740242453704,361.262694752784,19.00691176264
9.95636398841604,0.178569710927904,0.422575095016145,161.757150727595,91.1271794947601,9.5460557035228,325.665415425915,362.333920612024,19.0350708065934
9.93155742025232,0.179120328919072,0.423226096689549,161.218718594089,91.3881555196947,9.55971524260502,324.589856069759,363.396004578209,19.0629484754644
9.90685865736463,0.179672444711484,0.423877865323826,160.680030027359,91.6468705117302,9.57323720126741,323.513654413184,364.448978996018,19.0905468490564
9.88226776706779,0.180226072926781,0.424530414607459,160.141120094088,91.9033330086805,9.58662260698107,322.436858526272,365.49287657662,19.1178679924468
9.8577847907295,0.180781227910747,0.42518375781625,159.602023064799,92.1575517025967,9.59987248366335,321.359543122718,366.527730893995,19.1449139693548
9.83340979748691,0.181337923731284,0.425837907813858,159.062773112015,92.4095354495446,9.61298785235603,320.28180375077,367.553575796728,19.1716868271086
9.8091428220845,0.181896174180788,0.426492877057505,158.523403768309,92.6592932572406,9.62596973074613,319.203675227352,368.570445622523,19.1981886026397
9.78498389913371,0.182455992779356,0.427148677604597,157.983947748161,92.9068342967629,9.63881913393767,318.125247970949,369.57837654227,19.2244213578009
9.76093306827057,0.183017392774978,0.427805321115783,157.4444386611,93.1521678760859,9.65153707323792,317.04654686211,370.577404751268,19.2503871325038
9.73699033487458,0.183580387142696,0.428462818856778,156.904907954332,93.395303451335,9.66412455690297,315.96772950539,371.567565813022,19.2760879281306
9.71315573168515,0.184144988591387,0.429121181709068,156.36538814999,93.6362506233173,9.67658259011503,314.888776967478,372.548897505359,19.3015257817966
9.68942926057942,0.184711209560283,0.429780420168582,155.825910457242,93.8750191137419,9.68891217391002,313.809753744929,373.521438526031,19.3267027329038
9.66581092820993,0.185279062223276,0.430440544353429,155.286505648077,94.1116187828179,9.7011143062443,312.730803048131,374.485225788326,19.3516207535267
9.64230072833755,0.185848558488299,0.43110156400586,154.747205193075,94.3460596249234,9.71318998192269,311.651925444965,375.440299152365,19.3762818712044
9.61889865042022,0.18641971000224,0.431763488500638,154.208038790932,94.5783517435636,9.72514019146067,310.573175489066,376.386697335143,19.4006880634462
9.59560468757713,0.186992528149872,0.432426326846402,153.669036336617,94.8085053794898,9.73696592268299,309.494612114532,377.324461580863,19.4248413527849
9.57241880528423,0.187567024056529,0.433090087691382,153.130227343182,95.0365308603018,9.74866815828202,308.416365560588,378.253630385015,19.4487436711222
9.54934098626356,0.188143208588404,0.433754779326296,152.591641347425,95.2624386669308,9.76024787937944,307.338413345003,379.174246388956,19.4723970375749
9.52637119010455,0.188721092357767,0.434420409692923,152.05330651617,95.4862393472595,9.77170606123923,306.260868987395,380.086349980281,19.4958033940713
9.50350937942541,0.189300685719945,0.43508698638312,151.515251167255,95.7079435810599,9.78304367674293,305.18370804307,380.989984128296,19.5189647299311
9.48075550923874,0.189881998779538,0.435754516648466,150.977503708333,95.9275621313211,9.79426169403907,304.107107105548,381.885189265044,19.5418829508582
9.45810952586744,0.190465041387579,0.436423007399448,150.440091590399,96.1451058705467,9.80536107803005,303.031063158008,382.772009283777,19.5645600329723
9.43557137470092,0.191049823147714,0.437092465214986,149.903041568711,96.3605857556435,9.81634278922876,301.955629808817,383.650487300813,19.5869979144537
9.41314099301196,0.191636353414832,0.437762896343252,149.366380890814,96.5740128388087,9.82720778445275,300.880845116134,384.520666343885,19.6091985135519
9.39081832080093,0.192224641299293,0.438434306708876,148.830136020889,96.7853982601599,9.83795701658428,299.806798677046,385.382590434408,19.6311637564972
9.36860326927146,0.192814695666182,0.439106701914446,148.294332734831,96.9947532354204,9.84859143407931,298.73355103053,386.236303310277,19.6528955451933
9.34649576373265,0.193406525138459,0.439780087246409,147.758997149508,97.2020890675056,9.85911198169012,297.661087763981,387.081850319257,19.6743958056977
9.32449572608354,0.194000138099398,0.440454467680143,147.224154298382,97.4074171244652,9.86951959947723,296.589567096049,387.919275471843,19.6956664134993
9.30260306769666,0.194595542692095,0.441129847881658,146.689829641004,97.6107488618363,9.87981522407359,295.518954011519,388.748624742057,19.7167092777181
9.28081768675789,0.195192746825191,0.441806232216331,146.156047410112,97.8120958123908,9.88999978829074,294.449268606835,389.569944038393,19.7375262897454
9.25913948727801,0.195791758172402,0.442483624750569,145.622832317256,98.0114695379268,9.90007421880901,293.380691369617,390.383277384318,19.7581192775101
9.23756836096285,0.19639258417126,0.443162029252575,145.090208104518,98.2088816999286,9.91003943987755,292.313209050821,391.188671771627,19.7784901287137
9.216104205217,0.196995232031184,0.443841449203637,144.558198227687,98.4043440102641,9.91989637094381,291.246797378812,391.986174677962,19.7986407280389
9.19474690419245,0.197599708732047,0.444521887798618,144.026826434664,98.5978682364414,9.92964592704299,290.181571822348,392.775831207998,19.8185728852508
9.17349633270424,0.198206021025585,0.445203347949659,143.496115392128,98.7894662074833,9.93928901921477,289.117623758737,393.557688105932,19.8382884369074
9.15235237204629,0.198814175439262,0.445885832292597,142.966087810063,98.9791497892293,9.94882655337952,288.054950469192,394.331793430109,19.8577892382337
9.13131489698113,0.199424178274534,0.446569343187073,142.43676587862,99.1669309098418,9.95825943174016,286.993525116795,395.098194481452,19.877077111121
9.11038376411215,0.200036035614033,0.447253882726615,141.908171830862,99.3528215347323,9.96758855163737,285.933558922213,395.856937128048,19.8961538275127
9.0895588475573,0.200649753319206,0.447939452737985,141.380327111362,99.5368336819093,9.97681480643543,284.874946782904,396.608070821669,19.9150212357825
9.06883998947746,0.201265337034229,0.448626054787536,140.853252918644,99.718979400798,9.98593908457277,283.817775946341,397.351643301704,19.9336811277221
9.04822706123838,0.201882792187488,0.449313690184806,140.32697058951,99.899270783917,9.9949622702598,282.762153694881,398.087701377636,19.9521352586042
9.02771990510717,0.202502123993314,0.450002359986383,139.801500684827,100.077719966701,10.0038852435792,281.708036694253,398.816294299837,19.9703854319299
9.00731836074185,0.203123337454807,0.450692065000934,139.276863582413,100.254339101439,10.0127088792913,280.655552363656,399.537469928925,19.9884334035693
8.9870222738684,0.203746437364405,0.451382805791719,138.753079274067,100.429140381503,10.0214340481542,279.604621304106,400.251277488482,20.0062809509534
8.96683147376076,0.204371428306994,0.452074582681878,138.230167377265,100.602136020459,10.0300616159852,278.555378560785,400.957765151801,20.0239298128964
8.94674580419304,0.204998314660449,0.452767395756859,137.708147621234,100.773338263437,10.0385924443339,277.50786736086,401.656981063427,20.0413817154264
8.92676508984006,0.205627100599985,0.453461244871031,137.187039018342,100.942759367833,10.0470273896229,276.462045463542,402.348975341355,20.0586384219207
8.9068891513494,0.206257790097563,0.454156129648784,136.666860535439,101.110411633953,10.0553673047757,275.418057335497,403.033795399845,20.0757016166271
8.88711781025071,0.206890386926476,0.454852049491344,136.147630805852,101.276307350336,10.0636130365955,274.375914002053,403.7114909055,20.0925730284974
8.86745089062122,0.207524894659975,0.455549003576975,135.629367690874,101.44045885649,10.0717654289846,273.335572294397,404.382112068878,20.1092543886858
8.84788819451397,0.208161316677203,0.456246990869203,135.112089593314,101.602878466358,10.0798253192383,272.297161187054,405.045707081471,20.1257473670289
8.8284295354406,0.208799656161157,0.456946010116246,134.59581412489,101.763578530737,10.0877935412427,271.26066421981,405.702325641432,20.142053659978
8.80907472221926,0.209439916103609,0.457646059858062,134.080558096518,101.922571402014,10.0956709238175,270.226132181902,406.352016880826,20.1581749392356
8.78982355485509,0.210082099306039,0.458347138428985,133.566339518833,102.079869443551,10.1034582912758,269.19361971703,406.994829400532,20.1741128528749
8.77067583695844,0.210726208381781,0.45904924396167,133.053174885784,102.235485020549,10.1111564630634,268.163144096036,407.630813574418,20.1898690826468
8.75163134307416,0.211372245757433,0.459752374390207,132.541080413264,102.389430498193,10.1187662537581,267.134764990786,408.260018478496,20.2054452680087
8.73268989254953,0.212020213675312,0.460456527454343,132.030072936954,102.541718242447,10.1262884731992,266.108437655637,408.882494465846,20.2208430701058
8.71385125990039,0.212670114196011,0.461161700703789,131.520167956439,102.692360630742,10.1337239271031,265.084289155672,409.498289422878,20.2360640793332
8.69511522597921,0.213321949198819,0.461867891500177,131.011381557134,102.841370017437,10.1410734154446,264.062313333464,410.107453716316,20.2511099378853
8.67648157651348,0.21397572038496,0.462575097022052,130.503729030429,102.988758766483,10.1483377341554,263.04254139564,410.710036658195,20.2659822524889
8.65795009895364,0.214631429279783,0.463283314268692,129.997225718794,103.134539229289,10.1555176741163,262.024979474949,411.306088197677,20.2806826363827
8.63952055965477,0.215289077233535,0.463992540062376,129.49188618124,103.278723751577,10.1626140215782,261.009720726955,411.895657036955,20.2952126630138
8.62119273267358,0.215948665423814,0.464702771052438,128.987725694416,103.421324659935,10.1696275575822,259.996729348994,412.478793067838,20.3095739262998
8.60296638032009,0.216610194857937,0.465414003719201,128.484758539953,103.562354287411,10.1765590592995,258.986096189478,413.055545098897,20.3237679847733
8.58484127889502,0.217273666374968,0.466126234377522,127.982998384913,103.701824938651,10.1834092983956,257.977806218781,413.625962610282,20.3377964049767
8.5668171860908,0.21793908064701,0.466839459179502,127.482459680035,103.839748893918,10.1901790413083,256.971869310313,414.190095900635,20.3516607651719
8.54889386895019,0.218606438180806,0.467553674117535,126.983156136311,103.976138430642,10.1968690503822,255.96838257963,414.747992482187,20.365362566922
8.53107107680939,0.219275739320671,0.468268875028729,126.485101031341,104.111005813482,10.203480083456,254.967371297727,415.299702516788,20.3789033688466
8.51334856563986,0.219946984251257,0.468985057599127,125.988307005699,104.244363275814,10.2100128930288,253.96880513851,415.845275454181,20.3922847041272
8.49572608819112,0.220620172997529,0.469702217364927,125.492787680159,104.376223028392,10.2164682267598,252.972711268797,416.384759790576,20.4055080747963
8.47820340693067,0.221295305426864,0.470420349715937,124.998555650695,104.506597246013,10.2228468268879,251.979137397811,416.918204761385,20.418574993407
8.46078024057309,0.221972381251344,0.471139449899225,124.505623111122,104.635498121403,10.2291494329393,250.988153904505,417.445657999766,20.4314869258154
8.44345636223155,0.222651400032459,0.471859513025285,124.014002499338,104.762937780362,10.2353767776454,249.99971031133,417.967169714455,20.4442453936176
8.4262314929485,0.223332361177692,0.472580534065562,123.523705726574,104.88892833593,10.2415295896624,249.013852307685,418.482788728348,20.4568518772647
8.40910538662343,0.224015263946545,0.473302507859979,123.034744381052,105.01348186457,10.2476085924751,248.030606541505,418.99256252996,20.4693078175585
8.39207777281142,0.224700107450854,0.474025429118369,122.547130306681,105.136610417375,10.2536145050112,247.050077586576,419.496539187719,20.4816146626119
8.3751483834442,0.225386890656791,0.474749292423686,122.060874643504,105.258326020291,10.2595480417166,246.072159072872,419.994768691398,20.4937739006606
8.35831694923091,0.22607561238729,0.475474092235623,121.5759885688,105.378640661892,10.2654099120246,245.096976895736,420.487298242324,20.5057869452095
8.34158321346258,0.226766271323347,0.476199822893024,121.092482598714,105.497566283701,10.271200819948,244.124443822743,420.974176262096,20.5176552330449
8.32494688738347,0.227458866005738,0.476926478616713,120.61036753388,105.615114821274,10.2769214661431,243.15468720833,421.455450158054,20.5293801698457
8.30840770554908,0.228153394838342,0.477654053513987,120.129654111599,105.731298141795,10.2825725449323,242.187715175281,421.931167863443,20.5409631678615
8.29196538491276,0.228849856087751,0.478382541579175,119.650352029254,105.846128091816,10.2881547466888,241.223471251542,422.401377898293,20.5524056474733
8.27561964822463,0.22954824788634,0.479111936697825,119.17247147403,105.959616462823,10.2936687562221,240.262128576254,422.866125711236,20.5637089483205
8.25937021786249,0.230248568234063,0.479842232649506,118.696022523732,106.071775029422,10.2991152546916,239.303524732707,423.325461199551,20.5748745123646
8.24321681459551,0.230950815001435,0.480573423111844,118.221014074638,106.182615517675,10.3044949181255,238.347772336613,423.779430627505,20.5859036874145
8.22715913965044,0.231654985928755,0.481305501660593,117.747456154027,106.292149604006,10.309808417425,237.39494278731,424.228079795775,20.5967978044106
8.21119691778059,0.232361078630041,0.482038461774619,117.275357498177,106.400388929691,10.315056419123,236.444903206562,424.671457683489,20.6075582659249
8.19532985014931,0.233069090593902,0.482772296837652,116.804727279652,106.507345084721,10.320239584657,235.497816620072,425.109609267671,20.6181863719308
8.17955765454269,0.233779019185668,0.48350700014133,116.335573674273,106.613029605828,10.3253585703271,234.553643968859,425.542582150252,20.6286834807811
8.16388003418975,0.234490861648943,0.484242564887622,115.867906276916,106.717454016055,10.330414029266,233.61240096355,425.970422189873,20.6390509033209
8.14829669079614,0.235204615107738,0.484978984191829,115.401732559329,106.820629762451,10.3354066084722,232.674102579649,426.393175798541,20.6492899587018
8.13280733623738,0.235920276568257,0.485716251085196,114.937061221593,106.922568257143,10.3403369508514,231.73876758782,426.810889242886,20.6594019575322
8.11741166912677,0.236637842920011,0.48645435851682,114.473899617657,107.023280840883,10.3452056935028,230.806458544373,427.223608082774,20.6693881884001
8.10210938695791,0.237357310937606,0.487193299356227,114.012256082113,107.122778841553,10.3500134705977,229.877134039939,427.631377102964,20.6792499163525
8.08690019289954,0.238078677284145,0.48793306639758,113.552138166479,107.221073517121,10.3547609106691,228.95080038932,428.034243785646,20.6889884669514
8.07178377636223,0.23880193851058,0.488673652359711,113.093552925358,107.31817607664,10.3594486376756,228.02753385489,428.432251054777,20.6986050509395
8.0567598411437,0.239527091059368,0.489415049890548,112.636507689876,107.414097667507,10.3640772704331,227.107331497388,428.825445284769,20.7081009579529
8.04182807686094,0.240254131264889,0.490157251568197,112.181009722085,107.508849406056,10.3686474241367,226.190185080685,429.213870952576,20.7174774273456
8.02698818146509,0.240983055355533,0.490900249903718,111.727065509745,107.602442334877,10.3731597083472,225.276080955887,429.59757335115,20.7267357138347
8.01223984240101,0.241713859455718,0.491644037343807,111.274681914415,107.694887457594,10.3776147287127,224.365100917616,429.976595615789,20.7358770158339
7.99758274790749,0.242446539587445,0.492388606272977,110.823865226323,107.786195712039,10.3820130857189,223.457251328495,430.350982309669,20.7449025620674
7.98301658107105,0.243181091671494,0.49313394901537,110.37462213106,107.876377985586,10.3863553754715,222.552511325196,430.720778154407,20.7538135809881
7.96854104323679,0.243917511529842,0.493880057837773,109.92695871559,107.965445109551,10.3906421894679,221.650874996194,431.086026979895,20.7626112755572
7.95415580516002,0.244655794886839,0.494626924951361,109.480880904427,108.053407874867,10.394874115393,220.752406119845,431.446771595018,20.7712968202522
7.93986056382652,0.245395937371413,0.495374542514463,109.036394264192,108.140276980216,10.3990517346639,219.857075564099,431.803055586722,20.7798714044799
7.92565499381607,0.246137934517064,0.496122902633071,108.593504652882,108.22606310092,10.4031756257847,218.964926565625,432.154922037521,20.7883362017628
7.91153878526198,0.246881781765703,0.49687199736522,108.152217458619,108.310776835903,10.4072463618338,218.075976348714,432.502413485356,20.7966923688686
7.89751160876794,0.247627474467888,0.497621818721695,107.712537807598,108.39442873037,10.4112645115937,217.190212477757,432.845573374552,20.8049410807758
7.88357315400926,0.248375007884715,0.49837235866841,107.274471316792,108.477029266687,10.4152306391499,216.307639746202,433.184443702256,20.8130834741577
7.86972309346437,0.249124377189051,0.499123609128091,106.838022683625,108.558588875367,10.419145304456,215.428266400144,433.519066446211,20.8211206818031
7.85596110122895,0.249875577468301,0.499875561983481,106.403196485632,108.639117928791,10.4230090630677,214.552197176461,433.849483123284,20.8290538220843
7.84228686167961,0.250628603724955,0.500628209078309,105.96999765611,108.718626728246,10.4268224655571,213.679304613424,434.175736873145,20.8368840490402
7.82870004925624,0.251383450877696,0.501381542218794,105.53843089331,108.79712552188,10.4305860584092,212.809666172756,434.497868122103,20.8446124483547
7.81520033880335,0.252140113763952,0.502135553176582,105.108500303043,108.874624490553,10.4343003833776,211.943258047919,434.815918397838,20.8522401290086
7.80178740059349,0.252898587141188,0.502890233690403,104.680210133541,108.951133757939,10.4379659780026,211.080130601468,435.129928754007,20.859768185529
7.78846090299689,0.253658865688404,0.503645575467912,104.253564580008,109.026663387276,10.4415833754884,210.220289739131,435.4399392806,20.8671976863354
7.77522053114749,0.25442094400726,0.504401570187147,103.828567263918,109.101223387638,10.4451531050358,209.363705691506,435.745991244097,20.8745297251003
7.76206595203687,0.255184816624078,0.505158209498844,103.405222127082,109.174823685105,10.4486756904933,208.510415418669,436.048124793029,20.8817653658169
7.74899682107386,0.255950477990643,0.505915485027532,102.983532812967,109.24747415075,10.4521516517294,207.660439294212,436.346379350288,20.8889056522903
7.73601282488694,0.256717922486448,0.506673388374057,102.563502631759,109.319184608557,10.4555815050411,206.81375645664,436.640795222981,20.895951646742
7.72311362865532,0.257487144419938,0.507431911117086,102.145135150725,109.389964802649,10.4589657616157,205.970389068803,436.931411991713,20.9029043912972
7.71029890166973,0.25825813802962,0.508191044814467,101.728433276215,109.459824422899,10.462304928786,205.130336867759,437.218267995462,20.9097648957482
7.69756830470598,0.259030897485903,0.508950781005298,101.31340055683,109.528773063986,10.4655995081021,204.293618167909,437.501403446885,20.9165342121224
7.68492150017136,0.259805416891605,0.50971111121066,100.90003907686,109.596820323486,10.4688500000471,203.46020877301,437.780856578018,20.9232133425537
7.67235816690646,0.260581690285539,0.510472026937362,100.488352190257,109.663975661495,10.4720568973576,202.630121628204,438.056665559478,20.9298032852552
7.65987797436343,0.261359711640917,0.511233519676593,100.078342824825,109.730248519364,10.4752206907236,201.803443349936,438.328868512565,20.9363050348567
7.64748056755992,0.26213947486927,0.511995580907951,99.67001283352,109.795648272168,10.478341866544,200.980067904581,438.597504155864,20.9427195978904
7.63516562797352,0.262920973820614,0.512758202099795,99.2633650831565,109.860184198717,10.4814209055221,200.160057231358,438.862610048166,20.9490479508775
7.62293280998419,0.263704202284616,0.513521374710553,98.8584014041597,109.923865544833,10.4844582857119,199.343395271646,439.124223164503,20.9552910541587
7.61078177749185,0.264489153992967,0.514285090191196,98.4551244345881,109.986701482607,10.4874544805976,198.530040337176,439.382381464392,20.9614498893658
7.59871220127579,0.265275822619715,0.515049339985709,98.0535356706682,110.048701106599,10.4904099589386,197.720162145604,439.637120175708,20.9675253708135
7.58672373383445,0.266064201783132,0.515814115533039,97.6536371768434,110.109873459017,10.4933251859941,196.913640143046,439.888477886333,20.9735184908573
7.57481604276222,0.266854285046853,0.516579408268325,97.2554310075675,110.170227517863,10.4962006229808,196.110455280083,440.136490124542,20.9794301668216
7.56298879078641,0.267646065921287,0.517345209624374,96.858918134501,110.22977218643,10.4990367265969,195.310679405391,440.381193368603,20.9852613366763
7.5512416233464,0.268439537864734,0.518111511032842,96.4641007869513,110.288516300759,10.5018339493994,194.514254866139,440.622623124217,20.9910129132497
7.5395742236453,0.269234694284652,0.518878303925547,96.0709797258107,110.346468652428,10.5045927409123,193.721195723993,440.860815679419,20.9966858260874
7.52798624894291,0.270031528539485,0.519645579736309,95.6795567607888,110.403637960255,10.5073135462998,192.931595664037,441.095805734732,21.002280965046
7.51647734837514,0.27083003393935,0.520413329901676,95.2898327233695,110.460032859902,10.509996805894,192.145333970716,441.327628978303,21.0077992416698
7.50504717970222,0.27163020374694,0.521181545861843,94.9018086975416,110.515661933741,10.5126429566376,191.36247523971,441.556319690281,21.013241532193
7.49369541746311,0.272432031179704,0.521950219062799,94.5154858934672,110.570533689509,10.5152524310883,190.583041679627,441.781911971289,21.0186087068409
7.48242171672119,0.273235509410015,0.522719340956517,94.1308646840399,110.624656586191,10.5178256586707,189.806998878168,442.004441600687,21.0239016740634
7.47122572595801,0.274040631567611,0.523488903003312,93.7479460702716,110.678039007179,10.5203630644184,189.034356691888,442.22394150302,21.0291212727261
7.46010711247618,0.274847390739573,0.524258896671838,93.3667304420192,110.7306892821,10.522865070032,188.265109321792,442.440446356452,21.0342683817729
7.44906553978649,0.275655779972733,0.525029313441386,92.987218615525,110.782615643239,10.5253320918268,187.499278190253,442.653988897409,21.0393438323872
7.43810065849918,0.276465792273295,0.525800144801515,92.6094107187813,110.833826286497,10.5277645436482,186.73685893571,442.864602803829,21.0443484765822
7.42721212594277,0.277277420609177,0.526571382254274,92.2333070600379,110.884329348859,10.5301628358188,185.977859581442,443.072320908365,21.0492831447621
7.41639960595601,0.278090657911381,0.527343017315467,91.8589079679995,110.934132874584,10.5325273735502,185.222212150562,443.277176640702,21.0541486800275
7.40566275457881,0.278905497073881,0.528115041514518,91.4862130266062,110.983244849867,10.5348585586076,184.469991762728,443.479201811139,21.0589458855646
7.39500123819318,0.279721930955526,0.528887446396231,91.1152229728214,111.031673213897,10.5371567898507,183.721222391964,443.678427739094,21.0636755515056
7.38441469907897,0.28053995238159,0.529660223522203,90.7459371022722,111.079425826523,10.539422461716,182.975833481073,443.874888291968,21.0683385270877
7.37390281615606,0.281359554143891,0.530433364470874,90.378355486797,111.126510486332,10.5416559650907,182.233841708996,444.068613905386,21.0729355787319
7.36346522794565,0.282180729002625,0.531206860839189,90.0124777239704,111.172934924967,10.5438576870596,181.495308378202,444.259636050692,21.0774674961365
7.35310160007927,0.28300346968679,0.531980704242917,89.6483033166967,111.218706805665,10.5460280108515,180.76014346182,444.447987077339,21.0819350885382
7.34281159601463,0.283827768896008,0.532754886318284,89.2858318095576,111.263833730274,10.5481673161869,180.028373211761,444.633697155005,21.0863391122073
7.33259486611355,0.284653619300974,0.533529398722296,88.9250627684094,111.308323236474,10.5502759791616,179.300014289482,444.816796914065,21.090680333125
7.32245172750782,0.285481013594811,0.534304233180696,88.565995041966,111.352182809106,10.5523543727979,178.575067724163,444.997316587459,21.0949595066561
