G_1,G_2,G_3,S_1,S_2,S_3,I_1,I_2,I_3
5.11099999999159,0.000999999999999796,0.0316227766016806,34,0.001,0.0316227766016838,25,0.001,0.0316227766016838
5.15185611638498,0.0026666467292653,0.0516395849060128,46.6082636684248,41.6813303680555,6.45610798918788,46.5,0.00225,0.0474341649025257
5.1906126524831,0.00433326026638524,0.0658275038747881,47.6656479255066,41.7181111169352,6.45895588442398,69.858263668364,41.6828928670603,6.45622899741484
5.22743519169964,0.00591812315065322,0.0769293386859215,48.9774797836924,41.7957755174717,6.46496523714333,82.5947867973436,52.160658431616,7.22223361790631
5.26570620792898,0.0074614656627029,0.0863797757736317,50.5614242116577,41.9278385116992,6.47517092528832,90.274862795672,55.0894126421425,7.42222423820127
5.30751732678099,0.00898050656366178,0.0947655346825088,52.4416956220118,42.125105452715,6.49038561664212,95.6988602017977,56.2530199686644,7.50020132854208
5.35435850258271,0.0104822018879151,0.102382624931749,54.6439785268224,42.3962463774616,6.51124000306098,100.291113188615,57.1010954349416,7.55652667797459
5.40745124913861,0.0119687550207915,0.109401805381774,57.1909650966388,42.7481062910292,6.53820359816282,104.789530546096,58.0321400061372,7.61788290840291
5.4678972490147,0.0134401576530293,0.115931693910808,60.0976421078561,43.1859081092496,6.57159859617503,109.585746231197,59.1828869002501,7.69304145967316
5.53672573007891,0.0148954064170828,0.122046738658117,63.3660029362612,43.7134224033795,6.61161269308627,114.890515667494,60.6174205057937,7.78571901020026
5.61487969589499,0.0163330967841749,0.127801004628974,66.9792946522346,44.3331134543026,6.65831160687923,120.811253543253,62.3736020562025,7.89769599669438
5.70316071676577,0.0177517152028324,0.133235562830771,70.8963848600683,45.0462785517196,6.71165244568874,127.384939391903,64.4757021400664,8.02967634092847
5.80214392691813,0.0191497825813397,0.138382739463199,75.047297005282,45.8531648258871,6.77149649825555,134.588852588799,66.9388367398824,8.18161577806501
5.91207386170619,0.0205259238110089,0.143268711905318,79.3314210288078,46.7531084715881,6.83762447576555,142.34172708341,69.771296473157,8.35292143343615
6.03275481118166,0.0218789002082284,0.147915179100147,83.6199571201086,47.7446250099331,6.90974854896566,150.502305826311,72.9759252861861,8.54259476307908
6.16345405586715,0.0232076231998659,0.152340484441484,87.7639116960217,48.8255220072532,6.98752617220524,158.871091669118,76.5510938005897,8.74934819289927
6.30284004802968,0.0245111584003485,0.156560398569844,91.6078696017864,49.9930019230921,7.07057295578598,167.199472445617,80.4915818757276,8.97171008647335
6.44897745956102,0.0257887246709659,0.160588681640288,95.0081657330088,51.2437327964298,7.15847279777117,175.207640064481,84.7890335259773,9.20809608583541
6.5993947640605,0.0270396904848825,0.164437497198426,97.8524434683568,52.5739555117365,7.25078999225164,182.612004876859,89.4325027037693,9.45687594841813
6.75122725358607,0.0282635687898898,0.168117723009473,100.076237067406,53.9795332509488,7.34707651048693,189.158476625102,94.408907553749,9.71642462811033
6.90142160883898,0.0294600109973395,0.171639188407949,101.672517056086,55.4560256541722,7.44688026318217,194.655443085138,99.7032987955207,9.98515391947068
7.04697242439874,0.0306288004414544,0.175010858067305,102.691639943069,56.9987863821295,7.549754061036,199.000287082444,105.299333080247,10.2615463298787
7.18515219587795,0.0317698455097951,0.178240975956134,103.23155655688,58.6029320191773,7.65525518968357,202.191719982948,111.179271243611,10.5441581571793
7.31369780485261,0.0328831725712879,0.181337179230537,103.42131173799,60.263514096604,7.76295781880876,204.32743386578,117.324641027315,10.8316499679096
7.43092795173341,0.0339689187903023,0.18430658911255,103.40148365899,61.9754483170997,7.87244868621572,205.585044459365,123.716058925803,11.1227720881893
7.53578288820371,0.0350273248907803,0.187155883933101,103.30635344546,63.7336600708206,7.98333639970286,206.193932927052,130.333620642256,11.4163751095633
7.62779420031789,0.0360587279232364,0.189891358211048,103.25036597973,65.5330353489617,8.0952477015198,206.403359297655,137.15730095449,11.7114175467571
7.70700355862685,0.0370635540797233,0.192518970700872,103.320565756394,67.3685249767303,8.2078331474714,206.452113704932,144.16667140128,12.0069426333801
7.77385346210894,0.0380423115908346,0.195044383643402,103.574357344942,69.2350920320118,8.32076270734911,206.546632819337,151.341318313606,12.3020859334345
7.82907103840502,0.0389955837403478,0.197472994964749,104.041655558399,71.1278544758663,8.4337331280914,206.84763380247,158.661014446586,12.5960713893891
7.87356042752504,0.0399240220207876,0.199809964768496,104.72930129536,73.0419598505869,8.54645890709052,207.465471926905,166.10587997659,12.8882070117061
7.90831278093035,0.0408283394616522,0.20206023721072,105.626818902717,74.9727566299594,8.65868099827909,208.462024824965,173.656161558065,13.1778663507438
7.93433725561904,0.0417093041410177,0.204228558583313,106.711874021445,76.9157187504465,8.77016070265799,209.857896506973,181.292707670868,13.4644980474902
7.95261241146217,0.0425677329044893,0.20631949230378,107.955115749414,78.8664631145037,8.88067920344518,211.640715625011,188.996616106982,13.7476040133175
7.96405517340264,0.0434044853077561,0.208337431364976,109.3240220612,80.8207648119998,8.99003697500737,213.77545289013,196.750040043175,14.0267615664905
7.96950363550882,0.0442204577877312,0.210286608674284,110.785769566727,82.7746288776305,9.09805632416235,216.21182750384,204.535416114207,14.3015878878608
7.96971000148925,0.0450165780789041,0.212171105664518,112.309093762897,84.7242599944798,9.20457820839607,218.891716844543,212.335782415964,14.5717460318235
7.96534043624905,0.0457937998790018,0.213994859468637,113.8653043275,86.6659176103819,9.30945313164967,221.754825987196,220.135052332526,14.8369488889234
7.95697927641938,0.046553097768761,0.215761668905209,115.429237952493,88.5963066139453,9.41256110811214,224.742877608915,227.918303455035,15.096963385232
7.94513569431496,0.0472954623934086,0.217475199490444,116.979008565944,90.512090798563,9.51378425226067,227.800548635033,235.670370144534,15.3515592089056
7.9302514944175,0.048021895901436,0.219138987634414,118.496340358316,92.4103190781902,9.61302861111888,230.879346308525,243.378089292141,15.6005797742309
7.91270916312462,0.0487334076491587,0.220756444184895,119.966011817228,94.2880563610073,9.71020372397033,233.936015246732,251.02821800754,15.843870045148
7.89283963189281,0.0494310101642482,0.222330857427052,121.375958447593,96.1428254991874,9.80524479547489,236.933962401607,258.608582415649,16.0813115887868
7.8709294489826,0.0501157153658441,0.223865395641765,122.716468683326,97.972094523283,9.89808539684736,239.842898872917,266.108050046662,16.3128185806948
7.84722721647218,0.0507885310419327,0.225363109319011,123.980241173484,99.7737106537232,9.98867912457514,242.637893021034,273.516070429332,16.5383212699878
7.82194924823359,0.0514504575824719,0.226826933106437,125.161703161947,101.545502212977,10.0769788236841,245.299288167989,280.823071785229,16.757776457073
7.79528446935726,0.052102484947006,0.228259687520609,126.25724897577,103.285868728188,10.162965547919,247.811314639568,288.0196683725,16.9711422235659
7.76739861180152,0.0527455898872724,0.229664080533444,127.264193128702,104.99290573653,10.2466045955004,250.162902397973,295.098181918121,17.1784219856808
7.73843777534241,0.0533807333912842,0.231042709019965,128.181411416293,106.665374357388,10.327893026043,252.345807209138,302.051186840103,17.3796198704144
7.70853143333434,0.0540088583665136,0.232398060160823,129.008253889484,108.301699136178,10.4068102287002,254.354294564648,308.871709554106,17.5747463581727
7.67779495387704,0.0546308875326146,0.233732512784624,129.745277458014,109.900982020806,10.4833669219772,256.185322785233,315.553910438166,17.763837154122
7.64633171111956,0.0552477215340805,0.235048338717976,130.393259693109,111.462040175804,10.5575584381904,257.837775808396,322.092665556223,17.9469402839655
7.61423484428213,0.0558602372521873,0.23634770413987,130.953748499238,112.984164940637,10.6294009680996,259.312391367389,328.48384210476,18.1241232092689
7.58158872528194,0.0564692863135963,0.237632670972651,131.42873382171,114.466860654853,10.6989186675501,260.610186990754,334.722835307147,18.295432088561
7.54847017831881,0.0570756937911204,0.238905198334235,131.820013851365,115.909189956383,10.7661130384361,261.733583831012,340.80596978374,18.460930902415
7.51494949483827,0.0576802570753305,0.240167144037919,132.130125973068,117.310937702323,10.8310173899927,262.686868000938,346.731620824995,18.6207309422857
7.48109127771436,0.0582837449239259,0.241420266183115,132.36166301518,118.671874800009,10.8936621390609,263.47394123477,352.497279043449,18.7749108930895
7.44695514485895,0.0588868966661042,0.242666224815289,132.517289074099,119.991822167547,10.9540778784682,264.098542564491,358.100218725756,18.9235361052251
7.41259631552645,0.0594904215654246,0.2439065836861,132.599688682368,121.270625823823,11.0122943033603,264.566611830295,363.540535837543,19.0667389932716
7.37806610005763,0.0600949983211558,0.245142812093595,132.561095862423,122.508399627521,11.0683512605772,264.882907852594,368.816849326409,19.2046048989926
7.34320973610532,0.0607012747108943,0.246376286827475,132.514794422128,123.705246857727,11.1222860445921,265.002561890577,373.92936526068,19.3372533018699
7.30832381933216,0.0613098673539604,0.247608294194602,132.401757416227,124.861389163799,11.1741393030425,265.016280627125,378.878293579158,19.4647962634896
7.27343487230297,0.061921361599867,0.248840032148903,132.225384161531,125.977300036872,11.2239609780537,264.909673651945,383.663079257429,19.5873193484312
7.23857283128501,0.0625363115228868,0.250072612500623,131.988724364136,127.053229156046,11.2717890840827,264.680403493386,388.286489106551,19.70498640209
7.20376852058987,0.0631552400220314,0.251307063215564,131.694884506023,128.089694443975,11.3176717766498,264.328776042004,392.748088709049,19.8178729612703
7.16905241652592,0.0637786390156771,0.252544330792986,131.346770729178,129.087136916255,11.3616520328804,263.859486709706,397.050850779793,19.9261348680519
7.13445405487149,0.0644069697231439,0.253785282715811,130.947372173029,130.046282973892,11.4037837130442,263.276587438094,401.195520003736,20.0298657010909
7.10000175844139,0.0650406630273045,0.255030709969024,130.499396742733,130.967652883574,11.444109964675,262.585804775376,405.184698064494,20.1292001347419
7.06572252015962,0.0656801199097869,0.256281329616082,130.00562269668,131.852021188256,11.4826835360144,261.792368558044,409.020462255567,20.2242543065391
7.03164196966438,0.0663257119553648,0.25753778743199,129.468689919325,132.700129944922,11.5195542424576,260.901776613479,412.705422571351,20.3151525362561
6.9977843744517,0.0669777819120122,0.258800660571051,128.891081680745,133.512654358559,11.5547676029663,259.919604424141,416.242652997748,20.4020257081925
6.9641726639478,0.0676366443120738,0.260070460283504,128.275382122198,134.290553410979,11.5883801029729,258.850565860003,419.634339112865,20.4849783771637
6.93082845897228,0.0683025861329047,0.261347634641878,127.62378654152,135.034374659876,11.6204291943058,257.700460173865,422.884533465024,20.5641565220902
6.89777210830899,0.0689758675077186,0.262632571300131,126.938858582371,135.745325451261,11.6509795919168,256.474243711127,425.996568730207,20.6396843176006
6.86502272545464,0.0696567224686782,0.263925600252568,126.222776961122,136.424194300934,11.6800768105751,255.175771592321,428.972244004791,20.7116451303317
6.83259822777197,0.0703453597250469,0.265226996599228,125.477569037898,137.071664017773,11.7077608456004,253.81073678461,431.816732466541,20.7802004914905
6.80051537251812,0.0710419634657995,0.266536983298377,124.705386566248,137.688720350319,11.7340837030558,252.383114236002,434.532554532765,20.8454444551505
6.76878979581888,0.071746694186538,0.267855733906403,123.908302623019,138.276349830965,11.7590964717093,250.896900073702,437.122815214496,20.9074822782299
6.7374360491958,0.0724596895349777,0.269183375294571,123.088322518715,138.835554173114,11.7828500021478,249.356532843675,439.591537133198,20.9664383511649
6.70646763537384,0.0731810651703834,0.27051999033414,122.247216269022,139.367078864235,11.805383469597,247.766905834336,441.943658417139,21.0224560510217
6.67589704534912,0.0739109156324865,0.271865620541632,121.386899794041,139.872001254191,11.826749395087,246.130787975068,444.181078440054,21.0756038689299
6.64573579144148,0.074649315217386,0.273220268679661,120.509044622856,140.351115862785,11.8469876282026,244.452241606338,446.307892676163,21.1260003946834
6.61599444466608,0.075396318861188,0.274583901314676,119.615286716899,140.805254184379,11.8661389754368,242.735203947457,448.328268144361,21.1737636745185
6.58668266538885,0.0761519630177601,0.275956451306651,118.707457465416,141.235666592275,11.8842612977112,240.982599087804,450.244930560231,21.2189757189227
6.55780923824518,0.0769162665392457,0.277337820246799,117.78681756488,141.642754478461,11.9013761590188,239.198588801696,452.062785604861,21.2617681674141
6.52938210429983,0.0776892315486924,0.278727880824098,116.855228441935,142.028014535804,11.9175506936536,237.386391886104,453.785604057159,21.3022441084774
6.50140839246572,0.0784708443085154,0.28012647912776,115.913740353317,142.391657602457,11.9327975597702,235.548600980319,455.415945385457,21.34047669068
6.47389444980678,0.0792610760756489,0.281533436869671,114.964097528821,142.735169268171,11.947182482417,233.688025081766,456.956988635835,21.3765523093841
6.44684587393124,0.0800598839499208,0.282948553539192,114.007424539974,143.059048348766,11.9607294237754,231.807956842217,458.412914881606,21.4105795083086
6.42026754004317,0.0808672117038532,0.284371608470067,113.044942613945,143.364032918701,11.9734720494392,229.911398831451,459.787762948565,21.4426622169115
6.39416363178337,0.0816829906027199,0.285802362836139,112.078133737739,143.65141684788,11.9854669015387,228.000758159459,461.084242188489,21.4728722389086
6.36853766915014,0.0825071402050758,0.287240561559603,111.107855824527,143.921437411006,11.9967261121944,226.078233927011,462.305231657251,21.5012844187795
6.34339253569292,0.0833395691454793,0.288685935136229,110.135346822979,144.175096921262,12.0072934885952,224.147008755664,463.455332894401,21.5280127483797
6.31873050535032,0.0841801759009178,0.290138201381545,109.161658885411,144.413129669314,12.0172014075372,222.20881737401,464.536578552537,21.5531106467845
6.2945532695707,0.0850288495351041,0.291597067089338,108.187900938495,144.636454718481,12.0264897089085,220.26620597965,465.552694662481,21.5766701476961
6.27086196250804,0.0858854704236301,0.293062229609396,107.214894334883,144.84550556081,12.0351778366923,218.321022981662,466.505959407834,21.5987490241411
6.24765718507471,0.0867499109560475,0.294533378339446,106.243610094904,145.041070646984,12.0432998238433,216.375452798362,467.399943791872,21.6194344003693
6.22493903163333,0.0876220362189548,0.296010196140192,105.27502466257,145.22402525966,12.0508931312023,214.431527024228,468.237532440277,21.6387969268228
6.20270711134147,0.0885017046510302,0.297492360659951,104.309796401086,145.394668312977,12.0579711524359,212.490780551838,469.020901080507,21.6568903834439
6.18096057201362,0.0893887686830041,0.298979545593012,103.348906751459,145.554022005269,12.064577158163,210.555218184423,469.753102506349,21.6737883745862
6.15969812327373,0.090283075347765,0.300471421848676,102.39293789418,145.702348448104,12.0707227806832,208.626485642547,470.436865334539,21.6895565960796
6.13891805701043,0.091184466869334,0.301967658647965,101.442710761094,145.840469319265,12.0764427427643,206.706150363704,471.074581853859,21.7042526214072
6.11861827054392,0.0920927812313352,0.303467924551072,100.498808646355,145.968763131333,12.0817533136268,204.795785019166,471.669106611963,21.7179443459081
6.09879628465723,0.0930078527161748,0.304971888403136,99.5619703146064,146.088005718403,12.0866871275136,202.896698895456,472.222133938733,21.7306726526984
6.07944926634534,0.0939295124278974,0.30647922022202,98.6326171744198,146.198330564511,12.091250165492,201.010465242087,472.736618524716,21.7425071812042
6.06057404594565,0.0948575887832204,0.307989592004698,97.7115431293622,146.300763218461,12.0954852411328,199.137919180945,473.213933378036,21.7534809485295
6.04216713769943,0.0957919079885397,0.309502678483627,96.7991289106742,146.395457987002,12.0993990754501,197.280625873346,473.656706458292,21.7636556317704
6.02422475690455,0.0967322944871427,0.311018157809384,95.8957691763825,146.482639230362,12.1030012488788,195.43898184953,474.065558661058,21.7730466095367
6.00674283753071,0.0976785713878234,0.312535712179942,95.0021956374178,146.563384937371,12.1063365613785,193.615744095271,474.446044372642,21.7817823965956
5.98971705121437,0.0986305608695983,0.314055028409988,94.1186295469149,146.637623117886,12.1094022609659,191.810045682201,474.795974954183,21.7898135594177
5.97314282117673,0.0995880845646222,0.31557579844567,93.2455078244046,146.705840948435,12.1122186633348,190.023356451798,475.118088077622,21.7972036756466
5.95701534077105,0.10055096392102,0.317097719829424,92.3832571855955,146.768559096295,12.114807431251,188.2573768354,475.41638068883,21.8040450533572
5.94132958689125,0.101519020542809,0.318620496112239,91.5322169976264,146.826137940792,12.1171835812119,186.511746354911,475.689527402802,21.8103078245769
5.92608033742339,0.102492076511301,0.320143837222116,90.6925704490828,146.878584386372,12.1193475231289,184.788069976632,475.941149179459,21.816075476113
5.91126218282354,0.103469954685526,0.321667459786541,89.8648535775319,146.926864809783,12.1213392333431,183.086834507664,476.172002064906,21.8213657240995
5.89686954299904,0.104452478982815,0.323191087412409,89.0490938543833,146.970677008789,12.1231463328951,181.407871805496,476.382025217868,21.8261775219086
5.88289667932822,0.105439474642077,0.324714450928931,88.2456112368125,147.010522841856,12.1247895999005,179.75326669977,476.575707672116,21.8306140012624
5.86933770768325,0.106430768467316,0.326237288591166,87.4546733731073,147.046822313609,12.1262864189169,178.122263563642,476.751355562127,21.8346366024747
5.85618661162152,0.107426189054026,0.327759346249692,86.6763952187717,147.079624320155,12.1276388600649,176.515935687307,476.911824848774,21.8383109431287
5.84343725448558,0.10842556699887,0.329280377488349,85.9110518878985,147.109466107881,12.1288691190845,174.934367607828,477.05708474388,21.8416364941796
5.83108339070384,0.109428735091908,0.33080014373018,85.1587600811679,147.136490700992,12.1299831286359,173.378046751546,477.188349946575,21.8446412180785
5.8191186766303,0.110435528493797,0.332318414316445,84.4195146551051,147.160525860748,12.1309738216166,171.847783318529,477.30808371014,21.8473816213783
5.80753668341139,0.111445784897546,0.333834966559146,83.6935976319954,147.182269122765,12.1318699763378,170.343414371555,477.415854023016,21.8498479176176
5.7963309047773,0.112459344674434,0.3353495857675,82.9810301517879,147.201706270125,12.1326710278539,168.86527580016,477.51288892286,21.8520682985126
5.78549476850873,0.11347605100764,0.336862065254667,82.2818809052649,147.218996144203,12.1333835406371,167.413813299401,477.60042003025,21.8540710173242
5.77502164528284,0.114495750011184,0.338372206321949,81.5962650829445,147.234482251999,12.1340216849979,165.98896791024,477.678851921556,21.8558653894454
5.76490485968507,0.115518290835799,0.339879818223735,80.9242089708993,147.248276361356,12.1345900780107,164.590574740097,477.747760442991,21.8574417634587
5.7551376958668,0.116543525763826,0.341384718117004,80.2657334894878,147.260510633021,12.1350941748724,163.219639597259,477.810459560584,21.8588759903291
5.74571340912347,0.117571310290015,0.342886730991467,79.6208317940234,147.271262146697,12.1355371593802,161.875479384484,477.865282868048,21.8601299828717
5.73662523146595,0.118601503193746,0.34438568958908,78.9894977426697,147.28064419605,12.1359237059257,160.558478810669,477.91388677277,21.8612416567031
5.72786638144045,0.119633966599468,0.345881434308736,78.3716966987871,147.288708777538,12.1362559620971,159.268571848181,477.956683009613,21.8622204501193
5.71943006971881,0.120668566025535,0.34737381309698,77.7674813402655,147.295832060899,12.1365494297555,158.005943415619,477.994499654822,21.8630853187473
5.71130950739021,0.121705170426544,0.348862681332561,77.1767681352185,147.30197428738,12.1368024737729,156.770666627463,478.028165659028,21.863855233216
5.70349791243347,0.122743652224535,0.350347901698491,76.599560221073,147.307418386545,12.1370267523205,155.561921884071,478.056016431562,21.8644921375174
5.69598851446743,0.123783887331912,0.351829344046104,76.0356465998067,147.311737289731,12.137204673636,154.38031157466,478.080544426018,21.8650530396342
5.68877456427615,0.124825755167097,0.353306885252887,75.4851517776429,147.315697684075,12.137367823547,153.226266492904,478.103411772482,21.8655759533675
5.68184933581173,0.125869138661679,0.354780409072541,74.9479209625461,147.319127069346,12.1375090965711,152.098161981765,478.120875582914,21.8659752945739
5.67520613385545,0.126913924261951,0.356249805981633,74.4237387052071,147.321644435076,12.1376127980372,150.996938313181,478.136261425357,21.866327113289
5.66883829881356,0.127960001921831,0.357714973018786,73.912622578374,147.323732608741,12.1376988185051,149.922018104764,478.1487371597,21.8666123841737
5.66273921113109,0.129007265091592,0.359175813622789,73.4145195565576,147.32565743495,12.1377781094791,148.873565556779,478.159549989432,21.866859627972
5.65690229707443,0.130055610699881,0.360632237466204,72.9292065402889,147.327075599737,12.1378365287944,147.851573912115,478.169531497101,21.8670878604605
5.65132103120582,0.131104939129488,0.362084160285268,72.4565941994508,147.328159016288,12.1378811584348,146.854892603699,478.176186067063,21.8672400194232
5.6459889430023,0.132155154190865,0.363531503711666,71.9966056852472,147.329155490398,12.1379222064733,145.884186822318,478.182424894623,21.8673826713355
5.64089961768356,0.1332061630878,0.364974195098502,71.5490199902336,147.329777758689,12.1379478396757,144.938738311991,478.187000138301,21.8674872845122
5.63604670273952,0.134257876380939,0.366412167348382,71.1137276584841,147.330185620234,12.1379646407556,144.018627868986,478.191159526711,21.8675823887029
5.63142391011642,0.135310207948308,0.367845358742377,70.6906300769181,147.330605928756,12.1379819545407,143.12273678397,478.192407357344,21.8676109202021
5.62702501855872,0.136363074938804,0.369273712764399,70.2794984216215,147.330763695293,12.1379884534173,142.25206127398,478.194903038147,21.8676679835356
5.62284387790456,0.137416397726105,0.370697177931132,69.8802103292786,147.330822054585,12.1379908574107,141.405514644745,478.196150888318,21.8676965153698
5.61887441092704,0.138470099857865,0.372115707620446,69.4926379899708,147.33094352863,12.1379958612874,140.583187943844,478.197814698675,21.8677345579892
5.6151106175068,0.139524108002787,0.373529259901801,69.1166262661474,147.331196284124,12.1380062730304,139.784052827944,478.197398745001,21.8677250473158
5.61154657457757,0.140578351895186,0.374937797368025,68.7518937949612,147.331127061548,12.1380034215495,139.008599602553,478.197814698675,21.8677345579892
5.6081764399052,0.14163276427743,0.376341286968929,68.3983731054776,147.331190637933,12.1380060404472,138.256467076961,478.199062564042,21.867763090084
5.60499445345918,0.142687280841157,0.377739699847868,68.0558232795555,147.331120907007,12.1380031680259,137.526159689075,478.197398745001,21.8677250473158
5.60199494002564,0.143741840165744,0.379133011179116,67.7240989692421,147.331067021485,12.1380009483228,136.818902175874,478.197814698675,21.8677345579892
5.59917231022496,0.144796383656595,0.380521200009402,67.4030460932361,147.331154191874,12.1380045391273,136.133645060968,478.198230653074,21.8677440686751
5.59652106122473,0.145850855481738,0.381904249101444,67.0924475767527,147.331238655253,12.138008018421,135.469922752215,478.198646608196,21.8677535793734
5.59403578001591,0.146905202506936,0.383282144779712,66.792175063232,147.331575685509,12.1380219016736,134.827389360898,478.198646608196,21.8677535793734
5.59171114250341,0.147959374231668,0.384654876781341,66.5019358657499,147.331690653319,12.1380266375272,134.205595284362,478.198230653074,21.8677440686751
5.58954191707441,0.14901332272225,0.38602243810723,66.2216340149834,147.331995483731,12.1380391943563,133.604786137748,478.199478520611,21.8677726008071
5.58752296191365,0.150067002546641,0.387384824879138,65.9510209293122,147.332216583736,12.1380483020845,133.023999992284,478.200310435921,21.8677916222906
5.58564922898663,0.151120370707981,0.388742036198789,65.6899662041679,147.332622830044,12.1380650364893,132.463200431475,478.201974275224,21.8678296654063
5.58391576383275,0.152173386577589,0.390094074009834,65.438262006312,147.333130796551,12.1380859609969,131.921477593035,478.202806199217,21.8678486870386
5.58231770513826,0.153226011828712,0.391440942964212,65.1956882110881,147.333597006071,12.1381051653901,131.399046084679,478.204470055888,21.8678867304522
5.58085028600914,0.154278210370388,0.392782650291976,64.9621198500444,147.334326510102,12.138135215514,130.895012987676,478.205717955989,21.8679152631427
5.57950883335611,0.15532994828059,0.394119205673347,64.7372680354542,147.334846701813,12.1381566434864,130.409543645087,478.207797803964,21.867962817875
5.57828877030437,0.156381193741213,0.395450621116231,64.5210165510942,147.335503371139,12.1381836932524,129.942137131452,478.210709621524,21.8680293950215
5.57718561332028,0.157431916972527,0.39677691083596,64.313171722407,147.336273251791,12.1382154063845,129.492112042852,478.21320549337,21.868086461631
5.57619497374178,0.158482090168439,0.398098091138904,64.113529722965,147.337079463596,12.1382486159905,129.059395005779,478.216533363025,21.8681625511387
5.57531255802831,0.159531687432111,0.399414180309252,63.9219442736784,147.338122611744,12.1382915853815,128.643015671232,478.21861330508,21.8682101074843
5.57453416696551,0.160580684712753,0.400725198499861,63.738161596117,147.339071106866,12.1383306556901,128.243598655951,478.222773243469,21.8683052211064
5.57385569484493,0.161629059742509,0.402031167625732,63.5620336226518,147.340106632292,12.138373310798,127.859948678486,478.226101246289,21.8683813128976
5.57327313078905,0.162676791975793,0.403332111262906,63.3933383190738,147.341038742753,12.1384117059339,127.491844415103,478.229429295429,21.8684574054831
5.57278255575667,0.163723862526961,0.404628054547582,63.2319323600741,147.342062873446,12.1384538913918,127.13935832463,478.234005438631,21.8685620340852
5.5723801455404,0.16477025411124,0.405919024081455,63.077705627794,147.343539827122,12.13851472904,126.801412457587,478.237333597786,21.8686381285572
5.57206216634383,0.165815950985069,0.407205047838394,62.9302791872761,147.344460901335,12.1385526691338,126.478575756697,478.242741955211,21.8687617837684
5.5718249763475,0.166860938888711,0.408486155075923,62.789633004218,147.345625691756,12.1386006480054,126.16949835429,478.246902313394,21.8688569045891
5.571665025668,0.167905204988931,0.409762376248639,62.6555760352633,147.346961363875,12.1386556654299,125.874447916134,478.251894838762,21.8689710512123
5.57157885318628,0.168948737823986,0.411033742926278,62.5278915466274,147.348251492676,12.1387088066514,125.59286993227,478.256887468367,21.8690851996229
5.57156308895094,0.169991527247972,0.412300287712696,62.4064327578732,147.349628893094,12.1387655423891,125.324502551998,478.262296268071,21.8692088624182
5.57161444904682,0.171033564377866,0.413562044169754,62.2909849141688,147.350864242952,12.1388164267754,125.068614191664,478.266873040301,21.8693135018066
5.57172973950207,0.172074841541014,0.414819046743293,62.1814324284378,147.352232526877,12.1388727865019,124.825255058745,478.271865982637,21.8694276555798
5.57190585099138,0.173115352224265,0.416071330692545,62.077586475531,147.353617518284,12.1389298341445,124.594300350894,478.27810730716,21.86957035031
5.57213976104858,0.174155091023317,0.417318932021203,61.9792963091688,147.355090302208,12.138990497657,124.374796488352,478.283100484063,21.8696845081054
5.57242853188257,0.175194053595336,0.418561887413721,61.8863759789892,147.356525136308,12.1390495977366,124.166719765534,478.288509876695,21.8698081810677
5.57276930818437,0.176232236609739,0.419800234170657,61.7986335288614,147.357750665563,12.1391000764292,123.969653844788,478.293503270806,21.8699223425874
5.57315931822333,0.177269637702793,0.421034010149766,61.7159893350594,147.359178461427,12.1391588860772,123.783400098931,478.298912898752,21.8700460195847
5.57359587100069,0.17830625543261,0.422263253708644,61.6382672319857,147.360697358808,12.1392214478033,123.607811251137,478.304738788777,21.8701792125437
5.57407635564216,0.179342089235128,0.423488003649605,61.5652332865342,147.361873199407,12.1392698791734,123.442057052144,478.310148670882,21.8703028938989
5.57459824046211,0.180377139380955,0.424708299166563,61.4968504611182,147.363309464203,12.1393290368209,123.286398978851,478.315974834625,21.8704360915512
5.57515907082822,0.181411406933945,0.425924179794884,61.4329133825069,147.36469795978,12.13938622665,123.13985611343,478.320552634281,21.8705407485567
5.57575647037216,0.182444893711764,0.427135685364456,61.3732811728018,147.366061187542,12.1394423754777,123.002795279606,478.326379051484,21.870673950555
5.57638813598719,0.183477602246244,0.428342855953316,61.3178043748538,147.367361971054,12.1394959521001,122.874756497199,478.332205610632,21.870807154987
5.57705184009825,0.184509535744601,0.429545731843073,61.2663771409455,147.368784654705,12.1395545492701,122.755198265653,478.337616114086,21.8709308469961
5.57774542726604,0.185540698053974,0.430744353478921,61.2188124803767,147.370061674839,12.1396071466435,122.643745295664,478.342194327996,21.8710355111045
5.57846681340463,0.186571093625767,0.431938761430097,61.1749861457726,147.371249788082,12.1396560819523,122.540570626189,478.347605057423,21.8711592069882
5.57921398515933,0.187600727479422,0.433128996350304,61.1347929689162,147.372495742429,12.1397073993745,122.445402629412,478.353432133699,21.8712924202869
5.57998499732615,0.188629605170959,0.434315098944256,61.09810918599,147.373831691862,12.1397624232051,122.357576322683,478.358843117361,21.8714161205296
5.58077797321154,0.189657732760152,0.43549710993318,61.0647725607333,147.375066262357,12.1398132713134,122.276658188545,478.363005495787,21.8715112759907
5.58159110152752,0.190685116778428,0.436675070021668,61.0346561645344,147.376185258043,12.1398593590718,122.203005770678,478.368000445515,21.8716254641834
5.58242263695578,0.19171176420027,0.43784901986903,61.0076710974465,147.377367686955,12.1399080592464,122.136511211755,478.374244279366,21.8717682019394
5.58327089644243,0.192737682412379,0.439019000058516,60.9836925951433,147.378583144821,12.1399581195662,122.075593730961,478.377574390733,21.8718443298852
5.58413426057365,0.193762879187147,0.440185051071873,60.9625706538406,147.379648811171,12.1400020103446,122.021564966196,478.382985920591,21.8719680394927
5.58501116952924,0.194787362654738,0.441347213262685,60.9442437984768,147.380851312654,12.1400515366556,121.973698044353,478.388813858901,21.8721012675715
5.58590012508923,0.195811141277008,0.442505526832161,60.9285355624783,147.381834394247,12.1400920257734,121.93079986293,478.391727881306,21.8721678825238
5.58679968626424,0.196834223822948,0.443660031806955,60.9153779843668,147.382821210447,12.1401326685686,121.894047661707,478.39672343088,21.8722820810011
5.58770846819412,0.197856619343375,0.44481076801644,60.9047000173366,147.384004143435,12.1401813884075,121.862452516361,478.400886468556,21.8723772477652
5.5886251430298,0.198878337148934,0.445957775073979,60.8963024819496,147.384859789364,12.1402166286011,121.835881133441,478.405049578686,21.8724724157715
5.58954843725179,0.19989938678691,0.447101092357097,60.8901618523909,147.385813037676,12.140255888476,121.814087352467,478.408380118959,21.872548551071
5.59047712989235,0.20091977802043,0.448240758990557,60.8861625351507,147.38677059543,12.1402953257089,121.797524296584,478.413792345808,21.8726722726284
5.59141005204492,0.20193952080697,0.449376813828851,60.8841914420009,147.387639189656,12.140331098848,121.78475201167,478.416706672526,21.8727388927982
5.59234608595441,0.202958625278804,0.450509295441064,60.8841614476825,147.388454256818,12.1403646673738,121.776410207047,478.41962103475,21.8728055135767
5.59328416344498,0.203977101724842,0.451638242097414,60.8859952966218,147.38929188618,12.1403991650266,121.772637886572,478.424617166886,21.8729197220418
5.59422326238281,0.204994960571159,0.452763691754494,60.8896068928154,147.390166437444,12.1404351831985,121.772026214861,478.426698919407,21.8729673094303
5.59516240904493,0.206012212364598,0.453885682044056,60.8948862316985,147.390947998377,12.1404673714967,121.775740444308,478.430862478798,21.8730624851391
5.59610067550507,0.207028867755724,0.455004250261164,60.9017445382911,147.391610028383,12.1404946368911,121.782668583423,478.433777013491,21.8731291088745
5.59703717724234,0.208044937482718,0.456119433353501,60.9101417754043,147.392380263342,12.1405263585786,121.793330641444,478.43794069608,21.8732242866954
5.59797107369353,0.209060432356278,0.45723126791185,60.9199634048016,147.39306546319,12.1405545780738,121.806679026439,478.440022564551,21.8732718760717
5.59890156553017,0.210075363245004,0.458339790161191,60.9311418623941,147.393717215471,12.1405814199926,121.823422445409,478.44335359179,21.87334801972
5.59982789458904,0.211089741061896,0.459445035953046,60.9436296563807,147.39448450862,12.1406130202976,121.842854495725,478.445851892659,21.8734051279781
5.60074934254762,0.212103576750896,0.460547040757941,60.9572968355985,147.39505301619,12.1406364337373,121.865125489039,478.448766609982,21.8734717548445
5.60166522939486,0.213116881273881,0.46164583965837,60.9721273745033,147.395719691912,12.1406638900808,121.889918705185,478.451264967381,21.8735288640718
5.60257491215559,0.21412966559959,0.462741467343905,60.9879872617361,147.396124537325,12.1406805631861,121.917080885416,478.453763350873,21.8735859737463
5.60347778464224,0.215141940691021,0.463833958104644,61.004885674581,147.396678517036,12.1407033781835,121.946410440228,478.455428954363,21.8736240471112
5.60437327492698,0.216153717496106,0.46492334582822,61.0227112975623,147.39712288197,12.1407216787953,121.977974599263,478.457510975033,21.8736716390969
5.60526084634343,0.217165006935962,0.466009663994173,61.0414380101771,147.397652623975,12.1407434955185,122.011625571147,478.459593013824,21.8737192313933
5.60613999419581,0.218175819896067,0.467092945671488,61.0609924380303,147.398193954023,12.1407657894394,122.04733067177,478.462091484292,21.873776342559
5.60701024557309,0.219186167216934,0.468173223515542,61.0812914820692,147.398609401918,12.1407828990522,122.084674739565,478.464173562947,21.8738239355387
5.60787115939514,0.220196059685535,0.469250529765854,61.1023023483157,147.399024953425,12.1408000129079,122.123539529619,478.465839238919,21.8738620101462
5.60872232421671,0.221205508026614,0.470324896243664,61.1239768589019,147.399472318771,12.1408184369412,122.164378555458,478.468754199775,21.8739286411878
5.60956335730546,0.222214522894689,0.471396354350231,61.1462554029911,147.399910626712,12.1408364879325,122.206052133305,478.469587052258,21.8739476787401
5.61039390407634,0.22322311486808,0.472464935067228,61.1690799853416,147.400298056546,12.1408524435702,122.249408307632,478.47166919615,21.8739952728382
5.61121363607733,0.224231294440901,0.473530668954927,61.1924093581455,147.400673861799,12.1408679204495,122.293877959743,478.473334924311,21.8740333483405
5.61202225096971,0.225239072017223,0.47459358615264,61.2161871762125,147.400985829732,12.1408807682858,122.339619762848,478.475417100822,21.8740809429979
5.6128194733735,0.226246457904573,0.475653716378389,61.2403634603073,147.401206988648,12.1408898763084,122.38588616257,478.475833538299,21.8740904619666
5.61360505043712,0.227253462308636,0.4767110889298,61.2649206273749,147.401476500344,12.1409009756419,122.43332881723,478.477082855079,21.8741190189475
5.61437875248983,0.228260095327271,0.4777657326842,61.2897928408087,147.401663368292,12.1409086714419,122.481594967277,478.478332178383,21.8741475760401
5.61514037247092,0.229266366947675,0.478817676101953,61.3149641423872,147.40189751708,12.140918314406,122.530553236087,478.47916506421,21.8741666141641
5.61588972678145,0.230272287039555,0.479866947225536,61.3404295908372,147.402359303165,12.1409373321488,122.580179774525,478.479997952937,21.8741856523377
5.61662664903668,0.231277865351163,0.480913573681553,61.3660330200225,147.402405279629,12.1409392255965,122.630377754889,478.480830844563,21.8742046905611
5.61735099604538,0.232283111507738,0.481957582685176,61.3918923089884,147.402861291231,12.1409580054966,122.681347869275,478.482496636515,21.8742427671569
5.61806264191689,0.233288035004692,0.482999001039021,61.4178332759808,147.402971669633,12.1409625511997,122.732576225069,478.48332953684,21.8742618055293
5.6187614806266,0.23429264520692,0.484037855138336,61.4439045124486,147.403172636065,12.1409708275765,122.784069280671,478.484162440065,21.8742808439515
5.61944742220654,0.235296951344463,0.485074170972299,61.4700222824614,147.403180918488,12.1409711686705,122.836054852981,478.485411800339,21.874309401678
5.62012039427116,0.23630096251055,0.486107974127713,61.4962530289451,147.403512314993,12.140984816521,122.888196484061,478.486244710814,21.8743284402245
5.62078034069105,0.237304687658626,0.487139289791561,61.5224774511518,147.403678426322,12.1409916574521,122.940418382559,478.487077624188,21.8743474788207
5.62142722186176,0.238308135600293,0.488168142754414,61.5486955045147,147.403824055334,12.1409976548607,122.992657533031,478.487494081962,21.8743569981374
5.62206101005851,0.239311315003449,0.489194557413969,61.5748906007559,147.403998136168,12.1410048239908,123.044986410123,478.487910540461,21.8743665174665
5.62268169536944,0.240314234391195,0.490218557779277,61.601016458563,147.404084325762,12.141008373515,123.097236432818,478.487910540461,21.8743665174665
5.62328927811971,0.24131690213932,0.491240167473427,61.6270571702514,147.404122302373,12.1410099374958,123.149846332064,478.489576381708,21.8744045949075
5.62388377363101,0.242319326475813,0.492259409738212,61.6530126582878,147.404229770311,12.1410143633187,123.202078516465,478.489992843832,21.8744141142988
5.62446520820811,0.243321515479416,0.493276307437744,61.6788803582226,147.404504749727,12.1410256877138,123.253854312552,478.489576381708,21.8744045949075
5.62503362045781,0.244323477078857,0.494290883062653,61.7045472856706,147.404451521928,12.1410234956501,123.305836000634,478.490409306681,21.8744236337025
5.62558906037696,0.24532521905192,0.495303158734042,61.7300798246927,147.404523982688,12.1410264797787,123.357480280465,478.490825770255,21.8744331531186
5.6261315874695,0.24632674902628,0.496313156209142,61.7554452935093,147.40464267828,12.1410313679802,123.408843606129,478.491242234554,21.8744426725472
5.62666127044461,0.247328074477683,0.497320896884178,61.7806016376727,147.404673412543,12.1410326336989,123.459626686961,478.490825770255,21.8744331531186
5.62717819043833,0.248329202730188,0.49832640179925,61.8055751372502,147.404839558602,12.1410394760334,123.510711806868,478.492491631801,21.8744712309075
5.62768243408277,0.24933014095601,0.499329691642717,61.8302942743864,147.404840630672,12.1410395201841,123.560774550677,478.492075165327,21.8744617114417
5.62817409889725,0.250330896176554,0.500330786756675,61.8548043201048,147.404990518159,12.1410456929442,123.610675730037,478.492491631801,21.8744712309075
5.62865328865727,0.251331475262589,0.501329707141507,61.8790409748162,147.40501795977,12.1410468230614,123.660215921162,478.492908099,21.8744807503858
5.62912011535204,0.252331884932793,0.502326472458692,61.9030191239034,147.405066240135,12.1410488113727,123.708965701994,478.492491631801,21.8744712309075
5.62957469834926,0.253332131756965,0.503321102038217,61.9266886140833,147.404930289428,12.1410432125674,123.757587834745,478.493324566923,21.8744902698765
5.63001716200057,0.254332222154946,0.5043136148816,61.9501431740792,147.40516124472,12.1410527239083,123.805454323986,478.493324566923,21.8744902698765
5.63044763747725,0.255332162397835,0.505304029667125,61.9732658956804,147.405193095739,12.1410540356156,123.852914463451,478.493741035572,21.8744997893797
5.63086626299275,0.256331958608872,0.506292364754666,61.9960890864569,147.405244310842,12.1410561447858,123.899903606067,478.494573975045,21.8745188284233
5.63127317892819,0.257331616765057,0.50727863819114,62.0186006290025,147.4052949603,12.1410582306609,123.945899835893,478.493741035572,21.8744997893797
5.63166853457369,0.258331142697663,0.508262867714791,62.0407749487955,147.405250459226,12.1410563979921,123.991590856272,478.494157504946,21.8745093088953
5.63205248083669,0.259330542092013,0.50924507075868,62.0626013365308,147.405091263431,12.1410498418972,124.036657615359,478.494573975045,21.8745188284233
5.6324251726933,0.260329820492562,0.510225264459299,62.0841549711223,147.405245432323,12.1410561909713,124.081001311022,478.494573975045,21.8745188284233
5.63278677090392,0.261328983300003,0.51120346565727,62.1053562691079,147.405324610405,12.1410594517285,124.124762071056,478.494990445868,21.8745283479637
5.63313743868415,0.262328035775446,0.512179690904907,62.12619625264,147.405308306922,12.1410587803091,124.167885294121,478.495406917417,21.8745378675166
5.63347734021457,0.263326983040133,0.513153956469336,62.1466944309731,147.405322528006,12.1410593659699,124.210145408017,478.494990445868,21.8745283479637
5.63380664655869,0.26432583007903,0.51412627833931,62.1668259425555,147.405257867424,12.1410567030808,124.251662165888,478.494573975045,21.8745188284233
5.63412552904315,0.265324581739964,0.515096672227616,62.1866459909791,147.405421043116,12.1410634230744,124.292545508017,478.494157504946,21.8745093088953
5.63443416139192,0.266323242737639,0.51606515357815,62.2060540564407,147.405301261842,12.1410584901746,124.333010544542,478.494990445868,21.8745283479637
5.63473271852893,0.267321817653561,0.517031737568943,62.2251480671821,147.405423115637,12.1410635084262,124.372324579339,478.494157504946,21.8745093088953
5.63502137871204,0.268320310938762,0.51799643911784,62.2438436290833,147.405355992152,12.1410607441093,124.41156158298,478.495406917417,21.8745378675166
5.63530032076729,0.269318726915412,0.518959272887007,62.2622030772061,147.405432939736,12.1410639130076,124.449412791039,478.494573975045,21.8745188284233
5.6355697252903,0.2703170697783,0.519920253287271,62.2801930078665,147.405485350598,12.1410660714205,124.487116262086,478.495406917417,21.8745378675166
5.63582977235223,0.271315343597484,0.520879394483487,62.297807311649,147.405484673755,12.1410660435464,124.523922472498,478.49582338969,21.8745473870819
5.63608064494522,0.272313552319179,0.521836710398165,62.3150578918035,147.405494601612,12.1410664524008,124.559620745966,478.494990445868,21.8745283479637
5.63632252466293,0.273311699769207,0.522792214717479,62.3319587154841,147.405586845028,12.1410702512187,124.594992281045,478.495406917417,21.8745378675166
5.63655559399274,0.27430978965231,0.523745920893242,62.3484566849712,147.405482872957,12.1410659693849,124.629445437664,478.495406917417,21.8745378675166
5.63678003709705,0.275307825557962,0.524697842151044,62.3645959566338,147.405408454833,12.1410629046568,124.662960422979,478.494573975045,21.8745188284233
5.63699603560875,0.276305810957965,0.52564799149047,62.380380598655,147.405378567552,12.1410616738221,124.696123464775,478.494990445868,21.8745283479637
5.63720377239414,0.277303749212618,0.526596381693435,62.3958232531436,147.405451671483,12.1410646844288,124.728410721914,478.494990445868,21.8745283479637
5.63740342893458,0.278301643569964,0.527543025325863,62.4108991532251,147.405489678442,12.1410662496521,124.760109485765,478.495406917417,21.8745378675166
5.63759518781782,0.279299497169066,0.528487934743137,62.4256167323636,147.405526573816,12.1410677690974,124.790876836493,478.494990445868,21.8745283479637
5.63777922976518,0.280297313041765,0.52943112209405,62.4399712745974,147.405525523967,12.141067725862,124.821095834118,478.495406917417,21.8745378675166
5.63795573434243,0.281295094114186,0.530372599324462,62.4539807925313,147.405567718009,12.1410694635196,124.850427510493,478.494990445868,21.8745283479637
5.63812488060206,0.282292843210577,0.531312378183096,62.4676219963184,147.405517626636,12.1410674006298,124.879251094324,478.495406917417,21.8745378675166
5.63828684707875,0.283290563053111,0.532250470223475,62.4809367008722,147.405577023378,12.1410698467383,124.907260998212,478.495406917417,21.8745378675166
5.63844180962506,0.284288256265647,0.533186886809538,62.4938574141427,147.405379982992,12.1410617321135,124.934467594474,478.494990445868,21.8745283479637
5.63858994328188,0.285285925374722,0.534121639118583,62.5064757740619,147.405383396846,12.1410618727048,124.960933633694,478.494573975045,21.8745188284233
5.6387314231959,0.286283572812248,0.535054738145779,62.5187701310316,147.405457026941,12.1410649049801,124.986987837876,478.494990445868,21.8745283479637
5.63886641986819,0.287281200917809,0.53598619470823,62.5307101734978,147.405424733637,12.1410635750595,125.012344727361,478.495406917417,21.8745378675166
5.63899510479864,0.288278811939703,0.536916019447831,62.5423289715143,147.405438149449,12.1410641275569,125.037029239794,478.49582338969,21.8745473870819
5.6391176466886,0.289276408038272,0.537844222836197,62.5536294833266,147.405491237157,12.141066313844,125.060818685681,478.495406917417,21.8745378675166
5.63923421222732,0.290273991286094,0.538770815176633,62.5645946329313,147.405474696495,12.1410656326574,125.084199370275,478.49582338969,21.8745473870819
5.63934496661812,0.291271563673118,0.539695806610648,62.5752462348009,147.405479192314,12.1410658178067,125.106683993027,478.495406917417,21.8745378675166
5.63945007262014,0.292269127105363,0.540619207118433,62.5856034858674,147.405581207954,12.1410700190697,125.128592313259,478.495406917417,21.8745378675166
5.63954969174446,0.293266683408411,0.541541026523763,62.5956068221684,147.405450362262,12.1410646305117,125.149771514116,478.494990445868,21.8745283479637
5.63964398179556,0.294264234329963,0.542461274497971,62.6053352712671,147.405470731775,12.1410654693802,125.170708298488,478.49582338969,21.8745473870819
5.63973310044243,0.295261781540502,0.54337996056213,62.6147773952863,147.405559267342,12.1410691154997,125.190610377687,478.495406917417,21.8745378675166
5.63981720140717,0.296259326636371,0.544297094091426,62.6238823851278,147.405429607398,12.1410637757734,125.209989739391,478.494990445868,21.8745283479637
5.63989643676044,0.297256871140245,0.545212684317088,62.6327450342382,147.405545508145,12.1410685488611,125.22884878387,478.494990445868,21.8745283479637
5.63997095672624,0.298254416505404,0.546126740331769,62.641285794554,147.405472278139,12.1410655330634,125.247143625652,478.494990445868,21.8745283479637
5.64004090842545,0.299251964115417,0.547039271090675,62.6495697950507,147.405519716452,12.1410674866938,125.264666555143,478.494573975045,21.8745188284233
5.6401064364864,0.30024951528698,0.547950285415547,62.6575632769321,147.405488791629,12.1410662131309,125.281947092114,478.494990445868,21.8745283479637
5.64016768450638,0.301247071271516,0.548859791997479,62.6652574157924,147.405308087072,12.1410587712552,125.298594185013,478.495406917417,21.8745378675166
5.64022479158619,0.302244633257378,0.549767799400236,62.672760488825,147.40550880544,12.1410670373505,125.31463456432,478.495406917417,21.8745378675166
5.64027789594426,0.303242202371159,0.550674316062733,62.6799501989413,147.405435755797,12.1410640289802,125.330079280559,478.495406917417,21.8745378675166
5.64032713248071,0.304239779679476,0.551579350301909,62.6869261795702,147.405575467131,12.1410697826481,125.344887964253,478.494990445868,21.8745283479637
5.64037263405366,0.305237366191118,0.552482910315892,62.6936265512764,147.40558328048,12.1410701044216,125.359420155781,478.495406917417,21.8745378675166
5.64041453080034,0.306234962858944,0.553385004186908,62.7000805723739,147.405583747354,12.1410701236487,125.373322781611,478.495406917417,21.8745378675166
5.6404529500655,0.30723257058092,0.554285639883373,62.7062714883762,147.405464168375,12.1410651990826,125.386833895865,478.49582338969,21.8745473870819
5.6404880162076,0.308230190201904,0.555184825262636,62.7122468971537,147.405443166484,12.1410643341712,125.399818162426,478.49582338969,21.8745473870819
5.64051985252563,0.309227822515573,0.556082568073818,62.7180093377541,147.405507162736,12.1410669696998,125.412100220828,478.495406917417,21.8745378675166
5.64054857867347,0.310225468266592,0.556978875960832,62.7235323418303,147.405494621373,12.1410664532146,125.424176746011,478.49582338969,21.8745473870819
5.64057431255651,0.311223128149963,0.557873756462842,62.7288542677413,147.405576203261,12.1410698129638,125.435580115454,478.495406917417,21.8745378675166
5.64059716861856,0.3122208028162,0.558767217019932,62.7339387949407,147.405539619111,12.1410683063358,125.446532425969,478.494990445868,21.8745283479637
5.64061725852733,0.313218492869163,0.559659264972146,62.738807087434,147.405467690922,12.1410653441501,125.457292610286,478.495406917417,21.8745378675166
5.64063469238407,0.314216198869977,0.560549907563972,62.7434955118588,147.405521623471,12.1410675652296,125.467558558846,478.49582338969,21.8745473870819
5.64064957869048,0.315213921338281,0.56143915194639,62.7479556577763,147.405427312556,12.141063681266,125.477327908469,478.49582338969,21.8745473870819
5.64066201994225,0.316211660752521,0.562327005178056,62.7522531381123,147.405496209732,12.1410665186273,125.486591954278,478.495406917417,21.8745378675166
5.64067211999703,0.31720941755203,0.56321347422805,62.7563590596646,147.40555500866,12.1410689401164,125.495660925363,478.49582338969,21.8745473870819
5.64067997742994,0.318207192139175,0.564098565978655,62.7602700526267,147.405561621474,12.1410692124489,125.504235779653,478.49582338969,21.8745473870819
5.64068569002538,0.319204984879002,0.564982287225893,62.7639888266593,147.405505515092,12.1410669018457,125.512455721915,478.49582338969,21.8745473870819
5.64068935328962,0.320202796102481,0.565864644683233,62.7675467305445,147.405522606623,12.1410676057183,125.520157026563,478.495406917417,21.8745378675166
5.64069105884214,0.321200626105988,0.566745644981933,62.7709266204716,147.405501444151,12.141066734194,125.527498644982,478.494990445868,21.8745283479637
5.64069089673446,0.322198475154418,0.567625294674593,62.7741639865823,147.4055996359,12.1410707779792,125.534750429404,478.495406917417,21.8745378675166
5.64068895476234,0.323196343481156,0.568503600235879,62.7771920887513,147.405451883923,12.1410646931776,125.541594012548,478.49582338969,21.8745473870819
5.64068531851817,0.324194231289576,0.569380568064608,62.7800939810378,147.405460416096,12.1410650445542,125.547940884717,478.495406917417,21.8745378675166
5.64068007067193,0.325192138754648,0.570256204485885,62.7828396566421,147.405448650393,12.1410645600126,125.554222411914,478.49582338969,21.8745473870819
5.64067329170157,0.326190066022895,0.571130515751781,62.7854527709445,147.40551499337,12.1410672921852,125.559899986382,478.495406917417,21.8745378675166
5.64066506046939,0.32718801321605,0.572003508045231,62.787939828964,147.40567033898,12.1410736897105,125.565153192536,478.494573975045,21.8745188284233
5.64065545232117,0.328185980428765,0.572875187478708,62.7902240870331,147.40549982862,12.1410666676623,125.570445772826,478.494990445868,21.8745283479637
5.64064454290031,0.329183967733025,0.573745560098747,62.79241232252,147.405528493186,12.1410678481419,125.5755099928,478.495406917417,21.8745378675166
5.64063240213513,0.330181975177164,0.574614631885722,62.7944498124512,147.405454727157,12.1410648102692,125.58021417912,478.495406917417,21.8745378675166
5.64061910014796,0.331180002786416,0.575482408754964,62.7963855187412,147.405508358328,12.1410670189373,125.584530025403,478.495406917417,21.8745378675166
5.64060470428996,0.332178050566945,0.576348896560881,62.7981912425387,147.405524397541,12.1410676794729,125.588678076196,478.495406917417,21.8745378675166
5.64058928097286,0.333176118502765,0.577214101094876,62.7998975956707,147.405639006505,12.1410723993601,125.592511584269,478.495406917417,21.8745378675166
5.64057289319649,0.334174206560467,0.578078028090038,62.8014570628571,147.405589097881,12.1410703439969,125.596370111574,478.496239862689,21.8745569066596
5.64055560186877,0.335172314686924,0.578940683219727,62.8029078192357,147.405550747509,12.1410687646314,125.599501379425,478.495406917417,21.8745378675166
5.6405374660644,0.336170442812931,0.579802072101274,62.8042501743557,147.405505944912,12.1410669195467,125.602893196157,478.496239862689,21.8745569066596
5.6405185437663,0.337168590851886,0.580662200295392,62.8055041476514,147.405538477864,12.1410682593363,125.605770365935,478.496239862689,21.8745569066596
5.64049889062261,0.338166758702193,0.581521073308778,62.8066565629179,147.405562246443,12.1410692381867,125.608149225478,478.494990445868,21.8745283479637
5.64047855983376,0.339164946247358,0.582378696594714,62.8077149374195,147.40559763995,12.1410706957809,125.610998547768,478.496239862689,21.8745569066596
5.64045760353767,0.340163153357007,0.583235075554452,62.8086759739088,147.405610218384,12.1410712137926,125.613062516955,478.495406917417,21.8745378675166
5.64043607136107,0.341161379887343,0.584090215538099,62.8095149636062,147.405455853582,12.1410648566582,125.615157994251,478.495406917417,21.8745378675166
5.64041401165946,0.34215962568238,0.584944121846164,62.8102944182017,147.405437455315,12.1410640989707,125.617088573918,478.495406917417,21.8745378675166
5.64039147105059,0.343157890574665,0.585796799730645,62.8110135887494,147.405534458796,12.1410680938209,125.618722402503,478.494990445868,21.8745283479637
5.64036849509842,0.344156174384626,0.586648254394937,62.8116374100386,147.405551135335,12.1410687806031,125.620661897258,478.496239862689,21.8745569066596
5.64034512432042,0.345154476923875,0.587498490997104,62.8121796819105,147.405542217796,12.1410684133562,125.621802950117,478.495406917417,21.8745378675166
5.64032140332074,0.346152797993763,0.588347514649092,62.812631511837,147.405446595162,12.1410644753729,125.623167505467,478.49582338969,21.8745473870819
5.64029736916429,0.347151137386973,0.589195330418506,62.8130671967466,147.405629068747,12.1410719900982,125.624167221834,478.495406917417,21.8745378675166
5.64027306252753,0.348149494887545,0.590041943329069,62.8133768107535,147.405512387275,12.1410671848596,125.625348253238,478.496239862689,21.8745569066596
5.64024851880203,0.349147870271448,0.590887358361513,62.8136735623179,147.405661211456,12.141073313816,125.626030745885,478.49582338969,21.8745473870819
5.64022377348298,0.35014626330816,0.591731580455328,62.8138807072764,147.405668804963,12.1410736265358,125.626564364068,478.495406917417,21.8745378675166
5.64019886105,0.351144673760407,0.59257461450893,62.8140070254824,147.405566122238,12.1410693978018,125.627104056697,478.495406917417,21.8745378675166
5.64017381324573,0.352143101384653,0.593416465380472,62.8141031317345,147.405598761437,12.1410707419666,125.627494269895,478.495406917417,21.8745378675166
5.6401486607079,0.35314154593138,0.594257137888456,62.81414791951,147.405645621796,12.1410726717945,125.62780824954,478.495406917417,21.8745378675166
5.64012343420218,0.354140007147353,0.595096636814016,62.8141317349126,147.405644460785,12.1410726239812,125.628033741353,478.495406917417,21.8745378675166
5.64009816135828,0.355138484774099,0.595934966899996,62.8140372086061,147.405494092744,12.1410664314443,125.628198207128,478.49582338969,21.8745473870819
5.64007287014643,0.356136978548576,0.596772132851875,62.8139392364163,147.405565403401,12.1410693681982,125.628409907717,478.496656336412,21.8745664262497
5.64004758568424,0.357135488204617,0.597608139339331,62.8137897346389,147.405600779618,12.1410708250804,125.628042695567,478.49582338969,21.8745473870819
5.64002233201336,0.358134013472952,0.598442990996596,62.8135706789477,147.405496377708,12.1410665255449,125.627695526578,478.495406917417,21.8745378675166
5.63999713325918,0.359132554080819,0.599276692422473,62.8133461135629,147.405568963007,12.1410695147918,125.627637682566,478.496239862689,21.8745569066596
5.63997201156251,0.360131109754772,0.600109248183005,62.8130743781355,147.405594327366,12.1410705593603,125.626929643042,478.494990445868,21.8745283479637
5.63994698881191,0.361129680217178,0.600940662808881,62.8127497213731,147.405532741985,12.1410680231183,125.626401933138,478.494990445868,21.8745283479637
5.63992208458645,0.362128265190137,0.601770940799019,62.8124285753256,147.405662577497,12.141073370073,125.625974282511,478.495406917417,21.8745378675166
5.63989731681022,0.363126864394171,0.602600086619784,62.8120249208757,147.405534115434,12.1410680796804,125.62548091095,478.49582338969,21.8745473870819
5.63987270513346,0.3641254775491,0.60342810470602,62.8116366775321,147.40563853716,12.1410723800313,125.624975104342,478.496656336412,21.8745664262497
5.63984826524925,0.365124104373611,0.604254999460998,62.8112009092825,147.405644683106,12.1410726331369,125.624026631914,478.49582338969,21.8745473870819
5.63982401403292,0.366122744586307,0.605080775257574,62.8107019511913,147.405463167931,12.1410651578818,125.623340785804,478.496239862689,21.8745569066596
5.63979996687076,0.367121397905817,0.605905436438573,62.810228956978,147.405541792916,12.1410683958586,125.622219423233,478.495406917417,21.8745378675166
5.63977613663937,0.368120064051523,0.606728987317668,62.8097520990911,147.405719368254,12.1410757088593,125.62146206267,478.49582338969,21.8745473870819
5.63975253791915,0.369118742741843,0.60755143217825,62.8091843122284,147.405542294373,12.1410684165098,125.620429326693,478.49582338969,21.8745473870819
5.63972918266147,0.370117433697707,0.608372775276563,62.8086426876694,147.405601676313,12.1410708620086,125.619314068707,478.495406917417,21.8745378675166
5.63970608216984,0.371116136639345,0.609193020839327,62.8080982005844,147.405741647337,12.1410766263679,125.61836770473,478.49582338969,21.8745473870819
5.63968324758688,0.372114851290129,0.610012173067168,62.8074738528798,147.405560640791,12.1410691720619,125.617527768434,478.496656336412,21.8745664262497
5.63966068886571,0.373113577373124,0.61083023613204,62.8068422860871,147.405423547927,12.141063526229,125.616257517294,478.496239862689,21.8745569066596
5.6396384159444,0.374112314614436,0.61164721418023,62.8062364797681,147.40549190412,12.1410663413112,125.614806312843,478.495406917417,21.8745378675166
5.63961643644541,0.375111062741031,0.612463111330822,62.80565086177,147.405731037661,12.1410761894348,125.613596094907,478.495406917417,21.8745378675166
5.63959475897278,0.376109821482358,0.613277931677276,62.8049880863211,147.405636202787,12.141072283896,125.612533714489,478.49582338969,21.8745473870819
5.63957339039074,0.377108590570222,0.614091679287565,62.8043370398992,147.405656377204,12.1410731147293,125.611239440177,478.49582338969,21.8745473870819
5.63955233647268,0.378107369738784,0.614904358204415,62.8036698841125,147.405642850191,12.1410725576529,125.61006315727,478.496239862689,21.8745569066596
5.63953160634684,0.379106158723834,0.615715972444953,62.8029932271663,147.405624022057,12.1410717822628,125.608788455482,478.496239862689,21.8745569066596
5.63951120191078,0.380104957264939,0.616526526002684,62.8023092084936,147.405605475534,12.1410710184701,125.607420442396,478.496239862689,21.8745569066596
5.63949112966862,0.381103765103669,0.617336022846285,62.8016110899339,147.405547444808,12.1410686286178,125.605967851216,478.49582338969,21.8745473870819
5.63947139270281,0.382102581985525,0.618144466921387,62.800932213788,147.405615610907,12.1410714358703,125.604468469049,478.495406917417,21.8745378675166
5.63945199623116,0.383101407657413,0.618951862148757,62.8002185251515,147.40552843143,12.1410678455987,125.60323597099,478.49582338969,21.8745473870819
5.63943294219022,0.384100241870798,0.61975821242707,62.7995383663745,147.405631284549,12.1410720813505,125.601724946008,478.495406917417,21.8745378675166
5.63941423420951,0.385099084380401,0.620563521632074,62.7988270559492,147.405588497614,12.1410703192764,125.600590611124,478.496239862689,21.8745569066596
5.63939587472408,0.386097934943932,0.621367793616576,62.7981186111817,147.405570109195,12.1410695619947,125.599185082804,478.496239862689,21.8745569066596
5.6393778642787,0.387096793321421,0.622171032210132,62.7974273326075,147.405645406886,12.141072662944,125.597614981148,478.49582338969,21.8745473870819
5.63936020507728,0.388095659277396,0.622973241220999,62.7967107788147,147.405593074958,12.141070507783,125.596351252062,478.496239862689,21.8745569066596
5.63934289712868,0.389094532580571,0.623774424436086,62.7960456596996,147.40580238066,12.1410791275183,125.594810224004,478.49582338969,21.8745473870819
5.63932594361906,0.390093413001851,0.624574585619565,62.7953104260692,147.405647496705,12.141072749008,125.593689823841,478.496656336412,21.8745664262497
5.63930934206425,0.391092300317024,0.625373728515217,62.7946025294973,147.405623863962,12.141071775752,125.591772759566,478.494990445868,21.8745283479637
5.63929309342622,0.392091194305302,0.626171856845469,62.7938915207621,147.405572567077,12.1410696632165,125.590443659121,478.495406917417,21.8745378675166
5.63927719683799,0.393090094748956,0.626968974311294,62.7932170507282,147.405693707423,12.1410746520818,125.589330002114,478.496239862689,21.8745569066596
5.63926165156501,0.394089001435196,0.627765084593908,62.7925354190782,147.405760687942,12.1410774105078,125.587930587574,478.496239862689,21.8745569066596
5.6392464573757,0.395087914153933,0.62856019135317,62.7918183379845,147.405625884614,12.1410718589676,125.586667284686,478.496656336412,21.8745664262497
5.6392316106613,0.396086832699887,0.629354298229453,62.7911698733055,147.405819501903,12.1410798326139,125.58523266887,478.496656336412,21.8745664262497
5.63921711268103,0.397085756871433,0.630147408842909,62.7904446463591,147.405595031383,12.1410705883535,125.583653480971,478.49582338969,21.8745473870819
5.63920295877704,0.398084686469552,0.630939526792823,62.7897636094444,147.405569489166,12.1410695364604,125.582101676403,478.495406917417,21.8745378675166
5.63918914802888,0.399083621301585,0.631730655660769,62.7891183874959,147.405697595577,12.1410748122057,125.580758049092,478.495406917417,21.8745378675166
5.63917567832076,0.400082561176867,0.632520799007327,62.7884545721715,147.405699013493,12.1410748705991,125.579696827705,478.496239862689,21.8745569066596
5.63916254539623,0.401081505909199,0.633309960374222,62.7877853422516,147.405639327635,12.1410724125851,125.57822881079,478.49582338969,21.8745473870819
5.63914974832434,0.40208045531635,0.634098143284105,62.7871319211327,147.405625341163,12.1410718365869,125.576863385534,478.49582338969,21.8745473870819
5.63913728387496,0.403079409220334,0.634885351240942,62.7864835274553,147.405600228756,12.1410708023945,125.575689112449,478.496239862689,21.8745569066596
5.63912514699414,0.404078367446893,0.635671587729775,62.7858674987428,147.405702536052,12.1410750156669,125.574362608402,478.496239862689,21.8745569066596
5.63911333495922,0.405077329824775,0.63645685621633,62.785215824236,147.40558253447,12.141070073699,125.572857883736,478.495406917417,21.8745378675166
5.63910184601194,0.406076296188558,0.637241160149404,62.7846154326758,147.405683982099,12.1410742515685,125.571731591889,478.49582338969,21.8745473870819
5.63909067426313,0.407075266374734,0.638024502957946,62.7839737308579,147.405531689666,12.1410679797811,125.570426767367,478.49582338969,21.8745473870819
5.63907981606352,0.408074240224766,0.638806888053633,62.7833946799382,147.405656876192,12.1410731352789,125.56917546241,478.49582338969,21.8745473870819
5.63906926833374,0.409073217583164,0.639588318829514,62.7827946763749,147.405630360681,12.1410720433033,125.567965388057,478.49582338969,21.8745473870819
5.63905902573871,0.410072198298906,0.640368798661292,62.7822194081832,147.405685150521,12.141074299687,125.566736152744,478.49582338969,21.8745473870819
5.63904908565187,0.411071182225069,0.641148330907185,62.7816133143816,147.405535824835,12.1410681500778,125.565338699486,478.494990445868,21.8745283479637
5.63903944345356,0.412070169236332,0.64192691892172,62.7810748836998,147.405686222604,12.1410743438381,125.564441766671,478.495921000484,21.8745496182318
