G_1,G_2,G_3,S_1,S_2,S_3,I_1,I_2,I_3
5.11099999999075,0.000999999999999195,0.0316227766016711,34,0.001,0.0316227766016838,25,0.001,0.0316227766016838
5.15185611638892,0.0019999802292634,0.0447211385058945,47.836699270229,0.0146741166666541,0.121136768434089,46.5,0.00225,0.0474341649025257
5.19552639489981,0.00299994059964566,0.0547717134992659,50.3588172488265,0.048841273919772,0.221000619727122,71.0866992702326,0.0162366166666542,0.127422983274817
5.24281445336409,0.00399889196332247,0.0632367927975674,53.4177436770507,0.116567578930009,0.341419945126246,85.9021668837243,0.074721580132396,0.273352483311193
5.29798060773106,0.00499540513108319,0.0706781800210163,57.0793430398915,0.227991723128557,0.477484788373993,96.3688271172041,0.218627527028464,0.467576225901686
5.36418081487658,0.00598788743603515,0.0773814411602365,61.4164601692247,0.391519686568304,0.625715339885722,105.263756597879,0.491557994452848,0.701111969982576
5.4441228086536,0.00697472365030207,0.0835148109636972,66.5008959140798,0.613985628906502,0.783572350779749,114.048338481453,0.933778820040821,0.966322316849208
5.54036812183432,0.00795434847279103,0.0891871541915708,72.3945749228489,0.900799029563682,0.949104330178554,123.525065160715,1.57987718628332,1.25693165537483
5.65543926143967,0.00892528406482409,0.094473721556971,79.1389265878009,1.25608126411638,1.12075031301195,134.157107487598,2.45827265408283,1.56788795967149
5.79180657546508,0.00988615947841738,0.0994291681470652,86.7422384292308,1.68279302842259,1.29722512634569,146.217479610697,3.5914847937276,1.89512131372311
5.95178834899745,0.0108357204927895,0.104094766884745,95.1655640616287,2.18285332589622,1.47744824812791,159.850976015558,4.99664876950512,2.23531849397465
6.13738020730488,0.0117728341879085,0.10850269207678,104.308778738352,2.7572504742718,1.66049705638757,175.091055678892,6.68607449200777,2.58574447538959
6.35002641286916,0.0126964904768081,0.112678704628728,113.999511233527,3.40614549887485,1.84557457147492,191.854308395862,8.66777887583805,2.94410918205118
6.59035141601697,0.0136058017574916,0.116643910074601,123.988666905169,4.12896825201428,2.03198628243753,209.926657165192,10.9459732684509,3.30846992860006
6.85788175808995,0.0145000013102513,0.120415951228445,133.956599578548,4.9245065902477,2.21912293265779,228.952004580433,13.5215061069554,3.67716006001308
7.15080219682733,0.0153784407953157,0.124009841526049,143.53309443082,5.79098893811766,2.4064473686573,248.432581293414,16.3922655785119,4.04873629401964
7.46580020056126,0.0162405870674759,0.127438561932705,152.331783853051,6.72616056325385,2.59348425159164,267.749337237413,19.5535472731673,4.42193931133923
7.79805311584537,0.0170860184520906,0.13071349758954,159.995628688336,7.72735388265336,2.77981184303063,286.206464543552,22.9983909275647,4.79566376298055
8.14139690927866,0.0179144205885116,0.133844763022359,166.245743413797,8.79155311325476,2.96505533055536,303.098798740552,26.7178894251381,5.1689350378137
8.48868362723869,0.0187255819245178,0.136841448123431,170.922927746032,9.91545357211301,3.14888132074123,317.795140812442,30.7014723260816,5.54089093251993
8.8322927933799,0.019519388932196,0.139711806702927,174.011516970077,11.0955159233393,3.33099323375766,329.820544082974,34.937166038829,5.9107669585959
9.16472273665148,0.0202958211062788,0.142463402690932,175.639150196511,12.3280156587573,3.51112740565723,338.921770710786,39.411832075359,6.27788436301267
9.47916556796104,0.0210549457986215,0.145103224632058,176.052560227742,13.6090880919912,3.68904975461042,345.100152033482,44.111384737317,6.64164021438357
9.7699734280146,0.0217969129381484,0.147637776121657,175.575959565473,14.9347691327758,3.86455290205423,348.602548439875,49.0209898251721,7.00149911270237
10.0329521015453,0.0225219496785144,0.150073147759732,174.562490382891,16.3010321030563,4.03745366574729,349.877026070852,54.1252449833038,7.35698613450534
10.2654603703454,0.0232303550139204,0.152415074759423,173.349346918895,17.7038208406091,4.20759085945973,349.501047186989,59.4083435021857,7.707680812163
10.466334518222,0.0239224943971675,0.154668983306827,172.224177784614,19.1390793335372,4.37482334883789,348.099619320937,64.8542218902019,8.05321189900042
10.6356852200654,0.0245987943916949,0.156840028027589,171.405980084394,20.6027781112922,4.53902832237167,346.273969516434,70.4466927387125,8.39325281036574
10.774624451944,0.0252597373853285,0.158933122367015,171.039719545774,22.0909376135521,4.70009974506415,344.54313724898,76.1695637462343,8.72751761649521
10.8849750059672,0.0259058563905739,0.160952963286092,171.201406632338,23.5996487495916,4.85794696858576,343.310843963046,82.0067438618582,9.05575749795997
10.9690014904055,0.0265377299528074,0.162904051370147,171.909512227192,25.1250908440061,5.01249347570708,342.85704232629,87.9423364085615,9.37775753624295
11.0291853532523,0.0271559771857796,0.164790707219126,173.138984553898,26.6635471634844,5.16367574151247,343.33794524308,93.9607226982363,9.69333393101859
11.0680523941136,0.0277612529489877,0.166617084805213,174.835124240642,28.2114182050859,5.31144219634234,344.808084493267,100.046633378794,10.0023313971691
11.0880512888404,0.0283542431834283,0.168387182360856,176.925681206112,29.7652329205793,5.4557522781537,347.23900968819,106.185211265708,10.3046208695763
11.091476021479,0.0289356604145705,0.170104851237613,179.330458749737,31.3216580412285,5.59657556379153,350.545275676319,112.362064774486,10.6000973945755
11.0804229203279,0.0295062394346536,0.171773803109361,181.968345962968,32.8775056557738,5.73389096999357,354.603076361051,118.563312723903,10.8886781899321
11.0567730348001,0.0300667331696334,0.173397615813002,184.762059284168,34.4297391918344,5.86768601680717,359.269976711396,124.775622608799,11.1703009184533
11.0221917924909,0.0306179087376404,0.174979738077414,187.641029216104,35.9754779388047,5.99795614678907,364.397082557992,130.986240472838,11.44492203874
10.9781395463815,0.0311605437038829,0.176523493348287,190.542891046523,37.5120002471506,6.12470409466046,369.839340931978,137.183015646747,11.7125153424338
10.92588826143,0.0316954225353621,0.178032082882165,193.413990224681,39.0367455181063,6.24793930173032,375.462567218543,143.354418388968,11.9730705497365
10.8665410285127,0.0322233332533227,0.179508588243913,196.209237347907,40.5473151141851,6.36767737202389,381.145477968366,149.489553695495,12.2265920720164
10.8010522106067,0.032745064289733,0.180955973346372,198.891566451666,42.0414722874924,6.4839395653794,386.781820516966,155.578169439888,12.4730978285223
10.7302468730996,0.0332614015415422,0.182377086119781,201.431180004395,43.5171412311421,6.59675232452622,392.282676031476,161.610658845303,12.7126180956286
10.6548387356554,0.0337731256245258,0.183774659908612,203.804705390104,44.9724053606815,6.70614683411283,397.572454238331,167.578062812946,12.9451945838194
10.5754462841508,0.0342810093232055,0.185151314667775,205.99434379736,46.4055048928834,6.8121586074374,402.590918281724,173.472063462745,13.1708793731757
10.4926069366371,0.0347858152332661,0.186509558021207,207.987060546785,47.8148338269209,6.91482710029115,407.289756892748,179.284980665563,13.3897341521616
10.4067893111563,0.0352882935929006,0.187851786238248,209.773843493198,49.1989363974751,7.01419534925248,411.631927710326,185.00975807218,13.6018292178729
10.3184037340542,0.0357891802995433,0.189180285176715,211.349041665468,50.5565030617652,7.11030963191936,415.589819711607,190.639956643479,13.8072429052103
10.2278111613382,0.0362891951040306,0.190497231224054,212.709786465313,51.8863661068539,7.20321914888433,419.143867554758,196.169736025127,14.006060689042
10.1353307085838,0.0367890399808678,0.191804692280632,213.855492587742,53.1874949256172,7.2929757250122,422.281784762497,201.593840108394,14.1983745586737
10.0412459752118,0.0372893976658536,0.193104628804836,214.787432141333,54.4589910137509,7.37963352841798,424.996321306163,206.907581539181,14.384282447838
9.94581033447222,0.0377909303558517,0.194398894945037,215.508374679118,55.7000827641709,7.46324880760188,427.28561606471,212.106819303383,14.5638875065479
9.84925135207683,0.0382942785640604,0.195689239775876,216.022284722104,56.9101200668531,7.54387964291936,429.151230801826,217.187942548705,14.7372976677784
9.75177446715269,0.0388000601254548,0.196977308656238,216.334069284493,58.0885688022754,7.6215857144216,430.59788679282,222.147845264184,14.9046249622117
9.65356605811692,0.0393088693443595,0.198264644715994,216.449367998636,59.2350052435781,7.69642808344092,431.633041965758,226.983910758668,15.065985223631
9.55479599459708,0.0398212762781778,0.19955269048093,216.374379262864,60.3491103946216,7.76846898652634,432.265918446872,231.693983956086,15.2214974281798
9.45561976203079,0.0403378261497649,0.200842789638476,216.11571695383,61.4306643253025,7.83777164283972,432.507270278771,236.276352859838,15.3712833836293
9.35618023362044,0.0408590388831019,0.202136188949683,215.68029245685,62.4795405057205,7.90440007247359,432.369396713732,240.729722922862,15.5154672157451
9.25660914874304,0.0413854087530037,0.203434040300545,215.075218061151,63.49570019692,7.96841892704695,431.86493881665,245.053198205252,15.6541751045928
9.15702835068432,0.0419174041454114,0.204737402897984,214.181119619211,64.4791868859446,8.0298933296741,431.007687851694,249.246255888509,15.787534826201
9.05704439123397,0.0424554674184486,0.206047245597821,213.281443992718,65.430120801778,8.08888872477413,429.684958912938,253.308725838338,15.9156754754028
8.95739211507775,0.0430000148587621,0.207364449360931,212.228783909302,66.3486935575375,8.14547073885466,428.123963751107,257.240760906029,16.0387269103888
8.85813109624898,0.0435514367284169,0.208689809833679,211.031445333708,67.2351628866686,8.19970504876051,426.290681180022,261.04283453516,16.1568200625977
8.75932936536668,0.0441100973931414,0.210024040036234,209.697436860274,68.0898475111101,8.25165725846088,424.176790935636,264.71569079217,16.2700857647454
8.66105710481269,0.0446763355273883,0.211367773152362,208.234501383033,68.9131221748356,8.30139278524005,421.785849068262,268.260349564395,16.3786553039129
8.56338357029282,0.0452504643902126,0.212721565409369,206.650133602051,69.7054128089318,8.34897675220933,419.127384961234,271.678070950676,16.4826597049953
8.46637561797608,0.0458327721659872,0.214085899035848,204.951590609761,70.4671918766369,8.3944738892105,416.213825203102,274.970337793408,16.5822295784797
8.37009703041962,0.0464235223634823,0.215461185282831,203.145899023962,71.1989738751873,8.43794843994601,413.058554777777,278.138845886448,16.6774951922178
8.27460823876531,0.0470229542695671,0.216847767499615,201.239860416609,71.9013110141907,8.47946407588302,409.675164024397,281.185469276231,16.7685857864112
8.17996624148771,0.0476312834500618,0.218245924246163,199.240055920194,72.5747890790223,8.51908381687974,406.077347175708,284.112249805929,16.8556296176064
8.08622461995676,0.0482487022954146,0.219655872435532,197.152850508377,73.2200234888104,8.5568699586245,402.278813109303,286.921388516291,16.9387540426175
7.99343360168869,0.0488753806039541,0.221077770488021,194.984396950014,73.8376554893574,8.59288400302002,398.292302730063,289.615219487862,17.0180850711196
7.9016401455151,0.0495114661990136,0.222511721486787,192.740639859354,74.4283486029023,8.62718659835884,394.130545336616,292.196190233753,17.0937471092137
7.81088803786457,0.0501570855768748,0.223957776325973,190.427319579481,74.9927851949424,8.659837480862,389.805947338889,294.666858359166,17.1658631696506
7.72121799232971,0.050812344578631,0.225415936833736,188.049976128145,75.5316632641322,8.6908954236104,385.330274847277,297.029865206666,17.2345543953612
7.63266775070852,0.0514773290845039,0.226886158864978,185.613953166494,76.0456934101687,8.72041819009666,380.715127234666,299.287932423602,17.2999402433535
7.54527218416189,0.052152105725777,0.228368355351124,183.124401887301,76.5355959638311,8.74846249142277,375.971485526749,301.4438444461,17.3621382452191
7.45906339215131,0.0528367226108646,0.229862399297633,180.586284937434,77.002098293926,8.7750839479703,371.110143935155,303.500434190475,17.4212638516979
7.37407080018201,0.0535312100620926,0.231368126720369,178.004380430072,77.4459323171475,8.80033705701932,366.141360385634,305.460576953156,17.4774305020262
7.29032125657252,0.0542355813609631,0.232885339514885,175.383285806181,77.8678321362852,8.82427516209038,361.075054964247,307.327172505113,17.530749342373
7.20783912543566,0.0549498334976264,0.234413808248632,172.727421822428,78.2685318760331,8.84695042803073,355.920856929245,309.103139563792,17.5813292888733
7.12664638069512,0.0556739479232588,0.235953274872926,170.041036426731,78.6487636561542,8.86841381849957,350.687898251091,310.791413598489,17.6292771717529
7.04676269435114,0.05640789130158,0.237503455346612,167.328208667376,79.009255715502,8.88871507674208,345.384923955876,312.394924101702,17.6746972845846
6.96820552658682,0.0571516162579284,0.239064042168471,164.592852590492,79.3507307127676,8.90790271123162,340.02064951969,313.91658861957,17.7176914020865
6.89099021116678,0.0579050621238687,0.24063470681485,161.838721116904,79.6739041514021,8.92602398335351,334.603255944209,315.359320210235,17.7583591643551
6.8151300402496,0.0586681556747394,0.242215102078172,159.069409904414,79.9794829529911,8.94312489865769,329.140391166468,316.726004578967,17.7967975933584
6.74063634725251,0.0594408118586904,0.243804864304817,156.288361107629,80.268164137387,8.95925019950816,323.639605684779,318.019496401261,17.8331011436951
6.66751858623126,0.060222934515412,0.24540361553044,153.498867250627,80.5406336736369,8.97444336288535,318.10817302542,319.242619854783,17.8673618605205
6.59578441240334,0.0610144170834317,0.247010965512529,150.704074902953,80.7975653977705,8.98874659770596,312.552769890428,320.398161615077,17.8996693158024
6.52543975721114,0.061815143293961,0.248626513658461,147.906988505222,81.0396201209731,9.00220084873544,306.980531187854,321.488858595703,17.9301103899475
6.4564889042697,0.0626249878510363,0.250249850851177,145.110474033634,81.2674447796606,9.01484579899516,301.397133798099,322.51740661524,17.9587696297725
6.38893456181408,0.0634438170956364,0.25188056117064,142.317262581491,81.4816716868847,9.02671987417826,295.809148659999,323.486441677551,17.9857288336489
6.32277793411389,0.0642714896538399,0.253518223514287,139.529954110618,81.6829179714033,9.03786025403156,290.221797304056,324.398549320519,18.0110674120253
6.25801879031856,0.0651078570680863,0.255162413117775,136.751020937236,81.8717849967111,9.04830287936423,284.640860372922,325.25626244878,18.0348624183491
6.19465553260403,0.0659527644101236,0.256812702976554,133.982811319756,82.0488579442455,9.05808246508307,279.07149097946,326.062042469271,18.0571881108126
6.13268526071424,0.0668060508758675,0.258468665172139,131.227552928121,82.2147054470805,9.06723251312552,273.518461053135,326.818290105532,18.0781163317845
6.07210383728463,0.0676675503611583,0.260129872104605,128.487356319861,82.3698793097585,9.07578532743908,267.98680290511,327.527350197822,18.0977167122768
6.01290594854049,0.0685370920183045,0.261795897634597,125.764218332267,82.5149143052517,9.08377203067381,262.480781034247,328.191491748241,18.1160561863845
5.95508516553317,0.0694145007928334,0.263466318137316,123.0600254082,82.6503280097749,9.091222580587,257.004644425321,328.812923871296,18.1331994935063
5.8986340019813,0.0702995979403568,0.265140713471841,120.376556973752,82.7766207521895,9.09816579054204,251.562248780542,329.393782252866,18.1492088602469
5.84354397166511,0.0711922015235464,0.266818667869297,117.715488667836,82.8942755887308,9.10462934933272,246.157655122578,329.936136303894,18.164144249149
5.78980564410802,0.0720921268888174,0.268499770742579,115.078395523372,83.0037583062334,9.11063984066066,240.794359739131,330.441989510334,18.1780634147407
5.73740869669963,0.0729991871230234,0.270183617421604,112.466755149344,83.1055175214354,9.11622276611511,235.475580428743,330.913266506646,18.1910215905167
5.68634196758193,0.0739131934898144,0.271869809816784,109.881950824544,83.1999848095914,9.12140256811371,230.204521274667,331.351838046269,18.2030722144991
5.63659350698262,0.074833955846458,0.273557957015434,107.325274604036,83.2875748742367,9.12620265358143,224.984259842574,331.759490668498,18.2142661303852
5.58815062354152,0.0757612830403366,0.275247675812779,104.797930233078,83.3686857333277,9.13064541712839,219.817352227105,332.137956028851,18.2246524254607
5.54099993355276,0.0766949832862045,0.276938591182602,102.301036176301,83.4436989609113,9.13475226598463,214.706618244565,332.488892443405,18.2342779523458
5.49512740553718,0.0776348645240678,0.278630336690153,99.8356284546933,83.5129799758081,9.13854364632615,209.654298173808,332.813887099352,18.243187416111
5.45051840518705,0.0785807347577363,0.280322554850187,97.4026635206894,83.5768783090617,9.14203906735591,204.662787590063,333.114471331078,18.2514238165431
5.40715773720311,0.0795324023749436,0.282014897434415,95.0030210116238,83.6357279305498,9.14525712763451,199.734038812319,333.392103261085,18.2590279933266
5.36502968706774,0.08048967644899,0.283707025730753,92.6375065009752,83.6898475910388,9.14821554135225,194.869926531787,333.648182236968,18.2660390407162
5.32411806131676,0.0814523670223402,0.285398610757551,90.3068541771915,83.7395411831146,9.15093116481129,190.072603568004,333.88404628654,18.2724942546588
5.28440622451633,0.0824202853727428,0.287089333436028,88.011729453482,83.7850981019225,9.15342002215142,185.343240322731,334.100968233358,18.2784290417245
5.24587713798917,0.0833932442623584,0.288778884723863,85.7527315291268,83.826793642975,9.15569733242504,180.683185064287,334.300164736693,18.2838771800921
5.20851339451666,0.0843710581697549,0.290466965711688,83.5303959055693,83.86488938955,9.15777753549135,176.094466526532,334.482794491981,18.2888707823086
5.1722972529524,0.085353543506273,0.292153287686915,81.3451968476956,83.8996336271305,9.15967431883528,171.577604623272,334.649959799505,18.2934403489203
5.13721067174258,0.0863405188162806,0.293837572165781,79.1975497903664,83.9312617573793,9.16140064386332,167.133932334076,334.802706729381,18.2976147825169
5.10323534023466,0.0873318049623371,0.295519550896954,77.0878136553728,83.9599966923692,9.16296877067521,162.764665256867,334.94202704356,18.301421448717
5.07035270934975,0.088327225295691,0.297198965838865,75.0162931631422,83.9860492926802,9.16439028482965,158.470148225826,335.068865059522,18.3048863711175
5.03854402211131,0.0893266058124799,0.298875569112766,72.9832410939278,84.0096188053261,9.16567612374156,154.251359911896,335.184108707181,18.3080339935008
5.0077903405746,0.090329775296155,0.300549122933598,70.9888604181595,84.0308932503203,9.16683659995749,150.10890018159,335.288606224626,18.3108876416362
4.97807257298912,0.091336565447022,0.302219399521311,69.0333064932549,84.0500498726508,9.1678814277155,146.043181206518,335.383159042333,18.3134693338628
4.94937150115247,0.0923468109987717,0.30388618099343,67.1166890887006,84.0672555329118,9.16881974590578,142.05519455694,335.468509931761,18.315799461988
4.9216678042779,0.0933603498230257,0.305549259241494,65.2390744236999,84.0826671427046,9.16966014324983,138.144129335734,335.545374403313,18.3178976523867
4.89494208274463,0.0943770230222288,0.307208435792751,63.4004871723683,84.0964320609508,9.17041068115005,134.311089463934,335.614421042268,18.3197822323921
4.86917488093648,0.0953966750114884,0.30886352165882,61.600912359308,84.108688517607,9.1710789178595,130.556004181522,335.676275872454,18.3214703523613
4.84434671012651,0.0964191535896059,0.310514337172385,59.8402972301381,84.1195659795888,9.17167192934793,126.879066588148,335.731528389902,18.3229781528523
4.82043806804157,0.0974443099999922,0.31216071181363,58.1185530761194,84.129185574861,9.1721963332051,123.27977125601,335.780737657758,18.3243209330594
4.79742945880231,0.0984719989822259,0.313802484028132,56.4355570192658,84.1376604528105,9.17265830895333,119.758540366436,335.824414412795,18.3255126643921
4.77530141258111,0.0995020788139911,0.315439501036238,54.7911537085275,84.1450961642012,9.17306361932595,116.314895567953,335.863048067275,18.3265667288577
4.75403450348679,0.100534411344739,0.317071618636451,53.1851570440033,84.151591040426,9.17341763141884,112.948581560143,335.89709369824,18.3274955653586
4.7336093650737,0.101568862020934,0.318698701002898,51.617351731435,84.1572365333277,9.17372533561626,109.659295376438,335.92697027221,18.3283106224281
4.71400670994213,0.102605299903248,0.320320620477746,50.0874949134968,84.1621175606749,9.17399136475912,106.447134677328,335.953068517531,18.3290225739817
4.6952073410904,0.103643597677157,0.321937257361053,48.5953176740092,84.1663128606451,9.1742200137475,103.31121712477,335.975760430579,18.3296415794357
4.67719217005221,0.104683631655862,0.32354849969651,47.1405265456668,84.1698953072013,9.17441525696332,100.250727412706,335.995387950861,18.3301769754375
4.65994222778621,0.10572528177693,0.325154243055399,45.7228049354661,84.1729322236664,9.17458076555362,97.2659934999543,336.012261269767,18.3306372303247
4.64343868055755,0.106768431593306,0.326754390319865,44.3418145227567,84.1754856988772,9.17471992481935,94.3557528112139,336.026676408434,18.3310304240769
4.62766283997998,0.107812968257802,0.328348851464113,42.9971966020852,84.1776128740988,9.17483584998112,91.5196355707168,336.038900721946,18.3313638532965
4.61259617527674,0.108858782503161,0.329937543336858,41.688573419252,84.1793662406277,9.17493140250257,88.757030004928,336.049180873808,18.3316442490522
4.59822032514744,0.109905768616421,0.331520389442973,40.4155493974793,84.1807938873646,9.17500920366648,86.0670724406879,336.057752427246,18.3318780387402
4.58451710618175,0.110953824409114,0.333097319726704,39.1777123917477,84.1819398020197,9.17507165105645,83.4491103827969,336.06482055647,18.3320708201902
4.57146852442545,0.11200285118314,0.334668270356094,37.9746348619498,84.1828440911954,9.17512093060333,80.9023332344669,336.070577674341,18.3322278426366
4.55905678194845,0.11305275369252,0.336233183508885,36.8058750198216,84.1835432351624,9.17515903051072,78.4257469895707,336.075203413488,18.3323540063323
4.54726428784131,0.114103440101925,0.337792007161101,35.6709779265862,84.1840703393118,9.17518775498964,76.0188165170886,336.078856585472,18.3324536433471
4.53607366354352,0.115154821941612,0.33934469487766,34.5694765375492,84.1844553225228,9.17520873454783,73.6802710472594,336.081683193512,18.3325307361944
4.52546775114156,0.116206814059019,0.340891205605276,33.5008927880929,84.1847251559353,9.17522343901964,71.4097949666526,336.083818028374,18.3325889614199
4.51542962069864,0.117259334568662,0.342431503469909,32.4647385151948,84.1849040561578,9.17523318810796,69.2056182796649,336.085383056123,18.3326316456782
4.50594257375923,0.118312304798371,0.343965557575712,31.460516461806,84.1850136682802,9.17523916136687,67.06761250017,336.086479386806,18.332661546726
4.49699015272923,0.119365649234107,0.345493341808648,30.4877211604615,84.185073275692,9.17524240964194,64.9941244387752,336.087209742842,18.3326814662461
4.4885561414408,0.120419295462452,0.347014834643207,29.5458398237998,84.1850999472182,9.17524386309259,62.9847801306398,336.087657589102,18.3326936806652
4.48062457379808,0.121473174111442,0.348530018953091,28.6343532138522,84.185108722245,9.17524434128296,61.0383574840308,336.087903182719,18.3327003789054
4.47317973580507,0.122527218789794,0.35003888182571,27.7527364342983,84.1851127500079,9.17524456077373,59.1534898651488,336.088015545931,18.3327034434622
4.46620616836778,0.123581366025,0.351541414381008,26.9004597093651,84.1851234514995,9.17524514394572,57.32947793069,336.088054070479,18.3327044941678
4.45968867323353,0.124635555200164,0.353037611594238,26.0769891603792,84.1851506588575,9.1752466265958,55.5653714365522,336.088068517186,18.3327048881824
4.45361231363842,0.125689728489822,0.354527472122856,25.2817874933942,84.1852027459143,9.17524946505076,53.8596939971338,336.088108646936,18.3327059826676
4.44796241816266,0.126743830795007,0.356010998137708,24.5143147211404,84.1852867353918,9.17525404200842,52.2117101750867,336.08821298433,18.33270882833
4.44272458043176,0.12779780967821,0.357488195159239,23.7740287976611,84.1854084544433,9.17526067501318,50.6201786037521,336.088415238539,18.332714344541
4.43788466450326,0.128851615296781,0.358959071896478,23.0603862492575,84.1855726144559,9.17526962080439,49.0840752115934,336.088742698251,18.3327232755598
4.43342880276717,0.129905200337385,0.360423640092302,22.3728427963341,84.1857829117937,9.17528108080585,47.6024130812749,336.089221047409,18.3327363218754
4.42934339950952,0.130958519949242,0.361881914371584,21.7108539073963,84.1860421535112,9.17529520797621,46.1740613008292,336.089867944577,18.3327539650915
4.42561512989626,0.132011531677771,0.363333912094331,21.0738753654978,84.1863523145695,9.1753121099268,44.7980159749144,336.09069944385,18.332776643047
4.42223094079538,0.133064195398499,0.364779653213414,20.4613637717005,84.1867146538611,9.17533185524432,43.4728202539203,336.091725179316,18.3328046184787
4.41917805198803,0.134116473250504,0.366219160135709,19.8727770728431,84.1871297601271,9.17535447599313,42.1978190008911,336.092951575478,18.3328380665809
4.41644395488161,0.135168329571069,0.367652457588779,19.3075749780945,84.1875976478206,9.17537997293957,40.9715798849101,336.094388268229,18.3328772501271
4.41401641245313,0.136219730829943,0.369079572490734,18.765219482965,84.1881178231523,9.17540831915138,39.7933615240197,336.096032052432,18.3329220816659
4.41188345866216,0.13727064556446,0.370500533824797,18.2451752285862,84.1886893469069,9.17543946342119,38.6617994096923,336.097892565865,18.3329728240093
4.41003339682039,0.138321044315241,0.371915372518052,17.7469099371021,84.1893108916155,9.17547333338262,37.5759020297318,336.099960183905,18.3330292146144
4.40845480006014,0.139370899562123,0.373324121323714,17.2698947852175,84.1899807801919,9.17550983761621,36.535086854674,336.102228492897,18.3330910785087
4.40713650866957,0.140420185661696,0.374726814708657,16.813604772369,84.1906970624405,9.1755488698192,35.5373913938123,336.104697500966,18.3331584158586
4.40606762942089,0.141468878784527,0.376123488743428,16.3775190345422,84.1914575375757,9.17559031003323,34.5822783570884,336.10736400621,18.3332311392785
4.40523753193117,0.142516956854091,0.377514180997339,15.9611212164308,84.1922598105868,9.17563402771638,33.6685695346252,336.110213569416,18.3333088549071
4.40463585041573,0.143564399485779,0.37889893043631,15.563899689285,84.1931013341009,9.17567988402499,32.7954946715213,336.113242989035,18.3333914753663
4.40425247819603,0.144611187927869,0.380277777325825,15.1853479087686,84.1939794228501,9.17572773260247,31.961656121141,336.116433009261,18.3334784754356
4.40407756640228,0.145657305002358,0.381650763136087,14.8249646422591,84.194891301987,9.17577742221263,31.1661845954466,336.119785244732,18.3335698990876
4.40410152302155,0.146702735047605,0.383017930451833,14.4822542158452,84.1958341312307,9.17582879805583,30.4078882257069,336.123285255417,18.3336653524443
4.40431500841253,0.147747463861592,0.384379322885079,14.1567267406355,84.1968050362685,9.17588170348052,29.6864593688627,336.126916994936,18.3337643978245
4.40470893382035,0.148791478646549,0.385734984991703,13.8478983414472,84.1978011167924,9.17593598042142,28.9999612000739,336.130674049439,18.3338668602518
4.40527445828638,0.149834767954399,0.387084962190989,13.5552913290126,84.1988194835519,9.17599147141887,28.3479018310259,336.134545187891,18.3339724333787
4.40600298546792,0.15087732163333,0.388429300688465,13.2784344180222,84.1998572663996,9.17604802005742,27.7290914279643,336.138515967127,18.3340807232631
4.40688616130112,0.151919130775809,0.389768047402309,13.0168628277169,84.2009116416837,9.17610547245855,27.1431115603601,336.142575154232,18.3341914235189
4.40791587094839,0.152960187667446,0.391101249892462,12.7701185072672,84.2019798346594,9.17616367741222,26.5885220472376,336.146714726859,18.3343043153226
4.40908423390239,0.154000485737037,0.392428956292776,12.5377502303047,84.2030591372188,9.17622248734297,26.064415332581,336.150921844619,18.3344190484624
4.41038360366686,0.155040019507934,0.393751215246295,12.3193137258445,84.2041469135335,9.17628175861735,25.5698021831359,336.155183665935,18.3345352727015
4.41180656097935,0.156078784550527,0.3950680758433,12.1143717908618,84.2052406202106,9.17634135264216,25.1042069371104,336.159487347986,18.3346526377782
4.41334591423655,0.157116777435656,0.396379587561792,11.9224944213126,84.2063378038814,9.17640113573297,24.6666401673758,336.163828076244,18.3347710123755
4.41499469206487,0.158153995689622,0.3976858002112,11.7432588305826,84.2074361181398,9.1764609800369,24.2557238764633,336.168194611886,18.3348900899865
4.41674614343265,0.159190437750095,0.39898676387832,11.5762496022321,84.2085333082376,9.17652076269855,23.8710339119715,336.172570896948,18.3350094326932
4.41859373069413,0.160226102923018,0.400282528875565,11.4210587053984,84.2096272489872,9.17658036792504,23.5117597161448,336.176955326149,18.3351289967142
4.42053112831384,0.161260991341535,0.401573145692706,11.2772855819993,84.2107159101127,9.17663968509785,23.1768325541323,336.181335051473,18.3352484316814
4.42255221941186,0.162295103924577,0.402858664949107,11.1445371529645,84.2117973796448,9.17669861004734,22.865627090567,336.185700435815,18.3353674747962
4.42465108923096,0.163328442338227,0.404139137350278,11.0224279204563,84.212869870389,9.17675704540493,22.5773458167222,336.190049871887,18.3354860822365
4.42682202523808,0.164361008956919,0.405414613644993,10.9105798979847,84.2139317005944,9.17681489954954,22.3112514288468,336.194367296393,18.3356038159749
4.4290595101223,0.165392806827098,0.406685144586199,10.8086227334884,84.214981303647,9.17687208713552,22.0660554307586,336.19864949437,18.3357205883589
4.43135822000293,0.166423839630123,0.40795078089167,10.7161936466142,84.216017239376,9.1769285297084,21.8416647982826,336.20289164426,18.3358362679279
4.43371301955256,0.167454111648213,0.409211573209034,10.632937459595,84.2170381827863,9.17698415509073,21.6369844119728,336.20708249874,18.3359505480011
4.43611895968249,0.168483627730327,0.410467572081312,10.5585065928876,84.2180428926288,9.17703889566939,21.4513756963846,336.211220447603,18.3360633846964
4.43857127133997,0.169512393259203,0.411718827914395,10.4925610218136,84.2190302767315,9.17709269195487,21.2841527937508,336.215299061316,18.3361746027168
4.44106536445163,0.170540414120564,0.412965390947672,10.4347683155222,84.2199993210592,9.17714548871593,21.1348041864461,336.219308696894,18.3362839391436
4.44359682206725,0.171567696671203,0.414207311223743,10.3848035390698,84.2209491268219,9.17719723700117,21.0020863860544,336.223257381805,18.3363916129048
4.44616139649954,0.172594247710196,0.415444638562343,10.342349298037,84.2218788903316,9.17724789304134,20.8857670778632,336.22712583353,18.3364970982336
4.44875500840979,0.173620074450341,0.416677422534916,10.3070956125778,84.2227879191451,9.17729741912863,20.7851976123308,336.230922079298,18.3366006140533
4.45137373927022,0.174645184489887,0.417905712439884,10.2787399749616,84.2236755941766,9.17734578155234,20.6997580079983,336.234639687856,18.3367019850314
4.45401382964192,0.175669585786608,0.419129557281049,10.256987203237,84.2245414019675,9.17739295235676,20.6286609865866,336.238269014232,18.3368009482088
4.45667167539144,0.176693286631696,0.420349005746054,10.2415494422263,84.2253849080862,9.1774389078918,20.5712841060062,336.241816479344,18.3368976787063
4.45934382374707,0.177716295624651,0.421564106186296,10.2321461102682,84.2262057619773,9.17748362907705,20.5271370293721,336.245277257929,18.3369920449873
4.46202696910644,0.17873862165052,0.42277490659986,10.2285037979728,84.2270036945523,9.17752710127038,20.4956334624208,336.248648131185,18.3370839593209
4.46471795083257,0.179760273855409,0.423981454612591,10.2303562258618,84.2277785004558,9.17756931330164,20.4763277110437,336.251929093701,18.3371734215964
4.46741374740405,0.180781261625934,0.425183797464031,10.2374441827242,84.2285300477506,9.1776102580002,20.4684177876159,336.255118533426,18.337260387894
4.47011147497393,0.181801594566535,0.426381981990955,10.2495154108248,84.2292582835712,9.17764993250294,20.4717472073142,336.258214838333,18.3373448142945
4.47280838268139,0.182821282480258,0.42757605461515,10.2663245859653,84.2299631929963,9.17768833601339,20.4852690975424,336.261222823808,18.3374268321324
4.47550184875828,0.183840335347941,0.428766061329417,10.2876331784558,84.2306448418009,9.17772547213093,20.5090105582179,336.264131237005,18.337506134614
4.4781893787505,0.184858763310424,0.429952047687208,10.313209399912,84.2313033337129,9.17776134652198,20.5423256841121,336.266948107249,18.3375829407054
4.48086859986683,0.185876576650174,0.431134058791664,10.3428281195198,84.2319388289681,9.17779596793087,20.5841127415509,336.269676643788,18.3376573379423
4.48353725934013,0.186893785773487,0.432312139285362,10.3762707571456,84.232551533827,9.17782934760867,20.6349294947914,336.272308807569,18.3377291071596
4.48619321966268,0.18791040119457,0.433486333342321,10.4133252189911,84.2331416973511,9.17786149913753,20.6938136709151,336.274847808014,18.3377983358966
4.48883445658139,0.188926433519554,0.43465668465992,10.4537857541918,84.2337095984981,9.17789243772763,20.7601780891946,336.277300068892,18.3378651993326
4.49145905568104,0.189941893430577,0.435823236450946,10.4974529124261,84.2342555622558,9.1779221810961,20.8338923409725,336.279659158326,18.3379295221223
4.49406520677629,0.190956791672413,0.43698603143855,10.5441334150782,84.2347799459301,9.17795074872001,20.9144701371205,336.281928286477,18.3379913918203
4.49665120475083,0.191971139037922,0.438145111849855,10.5936400823023,84.2352831367252,9.17797816170453,21.0013527280927,336.284113877955,18.338050983623
4.49921544337972,0.192984946354826,0.439300519411059,10.6457916851783,84.2357655388365,9.1780044420798,21.0943916795888,336.286207894085,18.3381080783729
4.50175641257775,0.193998224473572,0.440452295343743,10.7004129017848,84.2362275831302,9.17802961332824,21.1930501603935,336.288223188264,18.3381630265483
4.50427269625315,0.195010984254839,0.441600480360743,10.7573341767336,84.236669724722,9.17805370025268,21.2969350272624,336.290154936299,18.3382156966347
4.50676296986263,0.19602323655815,0.442745114663223,10.8163916330427,84.2370924284563,9.17807672818528,21.4057967114662,336.291999921032,18.3382660009345
4.50922599611951,0.197034992231737,0.443886237939111,10.8774269531352,84.2374961818114,9.17809872369062,21.5192749195335,336.293769389694,18.3383142461267
4.5116606217597,0.198046262101122,0.445023889360023,10.9402872939968,84.2378814827977,9.17811971390642,21.6369754676613,336.295461732729,18.3383603883425
4.51406577572118,0.199057056960209,0.446158107580944,11.0048251850387,84.2382488415698,9.17813972663141,21.758886316331,336.297076947808,18.3384044275342
4.51644046754928,0.200067387561427,0.447288930738764,11.0708983859399,84.2385987715499,9.17815878984178,21.8840800579719,336.298618247111,18.3384464512976
4.51878378213784,0.201077264607711,0.448416396452795,11.1383698098639,84.2389317934606,9.17817693191086,22.0129335487126,336.300087235821,18.3384865034119
4.52109487799044,0.202086698743489,0.449540541824081,11.207107434661,84.2392484320952,9.17819418143325,22.1448669662774,336.301487126501,18.3385246714806
4.52337298520312,0.20309570054687,0.450661403435961,11.2769841392814,84.2395492179297,9.17821056731265,22.2795370554492,336.302817917425,18.3385609554683
4.52561740283059,0.204104280522859,0.451779017355675,11.3478776693031,84.2398346782464,9.17822611827833,22.4168309179591,336.304087643222,18.3385955744496
4.52782749498274,0.20511244909607,0.452893419135308,11.4196704596371,84.2401053468134,9.17824086341241,22.5562441608508,336.305289873446,18.3386283531088
4.53000269035414,0.206120216604213,0.454004643813489,11.4922496018369,84.2403617461335,9.17825483118297,22.6978091498775,336.306431035754,18.3386594667046
4.53214247837701,0.207127593291723,0.455112725917132,11.5655066675608,84.2406043987371,9.17826805005918,22.8411771647948,336.307515950764,18.3386890466785
4.53424640725713,0.208134589304498,0.4562176994643,11.63933766869,84.2408338158856,9.17828054789597,22.9861498405782,336.308539795497,18.3387169615406
4.53631408270686,0.209141214684188,0.457319597966442,11.7136428910711,84.2410505169322,9.17829235298877,23.1324661028492,336.309512212672,18.3387434742043
4.5383451626349,0.210147479363851,0.45841845443203,11.7883268502449,84.2412550131846,9.1783034931944,23.2799866589862,336.310429986766,18.3387684970056
4.54033935877592,0.211153393161974,0.459514301368275,11.8632981489978,84.2414477917677,9.17831399505202,23.428155913279,336.311299546178,18.3387922052184
4.5422964322358,0.212158965779983,0.460607170786543,11.9384693944498,84.2416293527342,9.17832388580476,23.5774747979776,336.312117675497,18.3388145111808
4.54421619241421,0.213164206796804,0.461697094204418,12.0137570801797,84.2418001759844,9.17833319159772,23.7270524623492,336.312890803325,18.3388355901711
4.54609849272243,0.214169125665611,0.462784102650049,12.0890815119797,84.2419607244923,9.17834193765368,23.8772665264578,336.313615714351,18.3388553545294
4.54794323311621,0.21517373171082,0.463868226666604,12.1643666745283,84.2421114628601,9.17835014928392,24.0276902055002,336.314300444709,18.3388740233611
4.54975035313498,0.216178034124818,0.46494949631634,12.2395401643509,84.242252837954,9.17835785083334,24.1782171426241,336.314943386551,18.3388915528325
4.55151983213131,0.217182041965215,0.466027941185092,12.3145330748791,84.2423852974596,9.17836506669132,24.3284798068232,336.315544539396,18.3389079429337
4.55325168918269,0.218185764152007,0.467103590386551,12.3892799090759,84.2425092535741,9.17837181931382,24.4789552858818,336.316111939642,18.3389234127754
4.55494597781647,0.219189209465755,0.468176472567509,12.4637184830564,84.2426251322206,9.17837813190438,24.6287184491161,336.316642372198,18.3389378747025
4.55660278844688,0.220192386545101,0.469246615912253,12.5377898116042,84.2427333319003,9.1783840261726,24.7781098393903,336.317137444093,18.338951372532
4.55822224155691,0.221195303885752,0.470314048148418,12.6114380634332,84.242834248702,9.17838952369652,24.9267713745169,336.317601977164,18.3389640377303
4.55980449026383,0.22219796983797,0.471378796551107,12.684610425303,84.2429282569383,9.17839464486782,25.0748567449489,336.318034363771,18.3389758264678
4.56134971706061,0.223200392606003,0.472440887948961,12.757257016516,84.243015719633,9.17839940946312,25.2220185686269,336.31844103323,18.3389869140373
4.56285813217438,0.224202580246241,0.473500348728742,12.8293308244203,84.2430969877137,9.17840383660001,25.3683233596067,336.318813948381,18.3389970813123
4.56432997240689,0.22520454066744,0.474557204841988,12.9007876052208,84.2431724088866,9.17840794522049,25.5136888873204,336.319164360785,18.3390066350603
4.56576549968864,0.226206281628788,0.475611481809248,12.9715857962849,84.2432423034303,9.17841175277239,25.6575370739735,336.3194906629,18.3390155314537
4.56716499939871,0.227207810739222,0.47666320472554,13.0416864148721,84.2433069956622,9.17841527692348,25.8003355699278,336.319796069395,18.3390238581391
4.56852877906894,0.228209135458684,0.477712398267707,13.1110530164722,84.2433667784375,9.17841853362754,25.9420216142913,336.320072543121,18.3390313959904
4.56985716624567,0.229210263096168,0.478759086698276,13.1796515707936,84.2434219518759,9.17842153923407,26.0818607508892,336.320332943208,18.339038495603
4.57115050979545,0.230211200810687,0.479803293872277,13.2474504061824,84.2434727854412,9.17842430842251,26.2205785133315,336.32057405476,18.3390450693257
4.5724091752634,0.231211955610266,0.48084504324186,13.314420115427,84.2435195510199,9.17842685600424,26.3576815341193,336.320795877694,18.3390511171569
4.57363354594132,0.232212534353935,0.481884357863933,13.3805335005864,84.2435625035578,9.17842919586777,26.4932305806632,336.320998411931,18.3390566390949
4.57482402117769,0.233212943750144,0.482921260403955,13.4457654605813,84.243601891548,9.17843134155003,26.6272028270372,336.321188087074,18.3390618104382
4.57598101376781,0.234213190358773,0.483955773143345,13.5100929751205,84.2436379449282,9.17843330557717,26.7593752361347,336.321358473401,18.339066455886
4.57710495206578,0.235213280590684,0.484987917984236,13.573494951641,84.2436708766944,9.17843509955234,26.8898048876671,336.321512785696,18.3390706630869
4.57819627580354,0.23621322070897,0.486017716455861,13.6359522378112,84.2437009151737,9.1784367359139,27.0184475005542,336.321660668444,18.3390746949906
4.57925543575718,0.237213016830539,0.487045189721179,13.6974474729005,84.2437282491596,9.17843822494653,27.1451672787152,336.32179247709,18.3390782886461
4.58028289576949,0.238212674924471,0.488070358580062,13.7579650851854,84.2437530617988,9.17843957662733,27.2700138791925,336.32191303387,18.339081575528
4.58127912554137,0.239212200816707,0.489093243478896,13.8174911858541,84.2437755491481,9.17844080163663,27.392896663528,336.322020731332,18.3390845118106
4.58224460690752,0.240211600188027,0.490113864513163,13.8760135122103,84.2437958766056,9.17844190898464,27.5140413003001,336.322120391732,18.3390872289689
4.58317982759843,0.241210878577015,0.491132241435049,13.9335213853453,84.2438142127972,9.17844290785736,27.6330456608303,336.322212015055,18.3390897270027
4.58408528316964,0.242210041381193,0.49214839365906,13.9900055951891,84.2438306981101,9.17844380590251,27.7500148574708,336.322290779004,18.339091874436
4.58496147380839,0.243209093857556,0.493162340266931,14.0454583997116,84.2438454810004,9.1784446112073,27.8649718961109,336.322366328132,18.3390939342197
4.58580890801308,0.244208041124071,0.494174100013418,14.0998734205564,84.2438586986289,9.17844533124368,27.9780173801936,336.322432232719,18.3390957310528
4.58662809615912,0.245206888163234,0.495183691334068,14.1532456068831,84.2438704881568,9.17844597348357,28.0890050640356,336.322491707612,18.3390973525856
4.58741955359792,0.246205639820176,0.496191132347381,14.2055711801913,84.2438809649607,9.17844654421219,28.1977203746217,336.322543145375,18.3390987549927
4.58818379790021,0.247204300807959,0.49719644086413,14.2568475590575,84.2438902419973,9.17844704958292,28.3045778646576,336.322591368291,18.3391000697496
4.58892135196286,0.248202875705986,0.498199634389655,14.3070733262817,84.2438984241549,9.17844749530959,28.4091127297497,336.322633161497,18.3391012092059
4.58963273740355,0.249201368964227,0.499200730131905,14.3562481568712,84.2439056139014,9.17844788697421,28.511474209111,336.32267173985,18.3391022610118
4.59031847952956,0.250199784903236,0.500199745005169,14.4043727880935,84.2439118975682,9.17844822927973,28.6121483176991,336.322702281052,18.3391030936917
4.59097910203699,0.251198127717503,0.501196695637055,14.451448957233,84.2439173687483,9.17844852732466,28.7104477293076,336.322731214827,18.3391038825464
4.59161513083052,0.252196401475872,0.502191598372446,14.4974793548873,84.243922109739,9.1784487855922,28.8065405901593,336.322758541176,18.3391046275759
4.5922270900586,0.253194610124655,0.50318446928006,14.542467573019,84.2439261891215,9.17844900781834,28.9006660299823,336.32278104523,18.3391052411297
4.59281550514858,0.254192757488096,0.504175324156286,14.5864180549358,84.2439296811249,9.17844919804674,28.992891364808,336.32279872699,18.3391057232077
4.59338089774545,0.255190847272646,0.505164178532729,14.6293360712331,84.2439326470688,9.17844935961782,29.0829108902846,336.322814801318,18.3391061614605
4.59392378842329,0.256188883065789,0.506151047678249,14.6712276655067,84.2439351547278,9.17844949622363,29.1709062648918,336.322829268215,18.339106555888
4.59444469637925,0.257186868341266,0.507135946607284,14.7120996058115,84.2439372565463,9.1784496107211,29.2565984069283,336.32284212768,18.3391069064903
4.59494413757782,0.258184806458188,0.508118890082024,14.7519593515143,84.2439390001279,9.17844970570346,29.3404577578415,336.32285177228,18.339107169442
4.59542262486456,0.259182700665994,0.509099892620293,14.7908149925962,84.243940438724,9.1784497840716,29.4221760713853,336.322859809446,18.3391073885685
4.59588066748083,0.26018055410334,0.510078968497369,14.8286752625171,84.243941610256,9.17844984789131,29.5021129980492,336.322864631746,18.3391075200443
4.59631877278177,0.261178369802803,0.511056131753454,14.865549441451,84.2439425623274,9.17844989975581,29.579599739255,336.322872668913,18.3391077391708
4.5967374416083,0.262176150691502,0.512031396197052,14.9014473611146,84.2439433239846,9.17844994124741,29.6554394393324,336.322877491214,18.3391078706467
4.59713717174815,0.26317389959356,0.513004775410093,14.9363793502112,84.2439439266943,9.17844997408028,29.7291496366057,336.322880706081,18.3391079582972
4.59751845639484,0.264171619231991,0.513976282752415,14.9703562024153,84.2439444035369,9.17845000005649,29.8008713209984,336.322883920948,18.3391080459478
4.59788178289868,0.265169312231226,0.514945931366805,15.0033891614119,84.2439447843655,9.17845002080229,29.8710621098705,336.322885528382,18.3391080897731
4.59822763466998,0.266166981118847,0.515913734183194,15.03548985321,84.2439450909648,9.17845003750442,29.9388529571148,336.322887135815,18.3391081335984
4.59855648937003,0.267164628327303,0.516879703922782,15.0666702998268,84.2439453451195,9.1784500513496,30.0051115653497,336.322888743249,18.3391081774237
4.59886881826736,0.268162256196201,0.517843853102652,15.0969428518944,84.2439455653869,9.17845006334876,30.0691147439146,336.322891958116,18.3391082650743
4.59916508881018,0.269159866975996,0.518806194041663,15.1263201915384,84.2439457695175,9.17845007446887,30.1314593047437,336.32289356555,18.3391083088996
4.59944575935486,0.270157462826191,0.519766738860993,15.1548152829826,84.243945979296,9.17845008589664,30.1920742962909,336.32289356555,18.3391083088996
4.59971128514938,0.271155045821346,0.520725499492147,15.1824413431753,84.2439462003703,9.17845009793975,30.2507021132758,336.322895172983,18.3391083527249
4.59996211373938,0.27215261795155,0.521682487679575,15.2092118419852,84.2439464472634,9.17845011138936,30.3078327524192,336.322895172983,18.3391083527249
4.60019868503118,0.273150181123206,0.522637714983531,15.2351404599223,84.2439467264302,9.17845012659709,30.3631146428742,336.322896780417,18.3391083965502
4.60042143387454,0.274147737162831,0.523591192785775,15.2602410554668,84.243947055621,9.1784501445299,30.4166881235168,336.322896780417,18.3391083965502
4.60063078937541,0.275145287818629,0.524542932293086,15.2845276620936,84.2439474372565,9.17845016531966,30.4685986717546,336.322899995285,18.3391084842008
4.60082717097556,0.276142834762061,0.525492944540705,15.3080144638387,84.2439478826324,9.1784501895817,30.5187437752807,336.322898387851,18.3391084403755
4.60101099414861,0.277140379589055,0.526441240395408,15.3307157587382,84.2439483861007,9.17845021700836,30.5674514309925,336.322901602718,18.3391085280261
4.60118266476972,0.278137923824659,0.527387830561778,15.3526459599063,84.2439489613779,9.17845024834683,30.6145424880261,336.322901602718,18.3391085280261
4.60134258290305,0.279135468921031,0.52833272558212,15.3738195636553,84.2439496044297,9.17845028337735,30.6598921428893,336.32290642502,18.339108659502
4.60149114255112,0.280133016263306,0.529275935843777,15.394251118741,84.2439503265518,9.17845032271526,30.7038797109837,336.32290642502,18.339108659502
4.60162872822876,0.281130567168174,0.530217471579515,15.4139552520542,84.2439511204828,9.17845036596499,30.7461232457003,336.322908032453,18.3391087033273
4.60175571768223,0.282128122887737,0.531157342872841,15.4329465923972,84.2439519894499,9.17845041330234,30.7869024805111,336.322912854755,18.3391088348032
4.60187248310211,0.283125684610396,0.532095559660477,15.4512398003186,84.2439529326464,9.17845046468337,30.82636284999,336.322916069623,18.3391089224538
4.60197938857633,0.284123253463251,0.533032131736212,15.4688495547318,84.2439539524927,9.17845052023993,30.8642555540226,336.322919284491,18.3391090101043
4.60207678937028,0.285120830513909,0.533967068754159,15.4857904857002,84.2439550457616,9.17845057979622,30.9012201774222,336.322922499358,18.3391090977549
4.60216503562403,0.28611841677131,0.534900380231039,15.5020772257147,84.2439562124529,9.17845064335223,30.9363796028247,336.32292732166,18.3391092292309
4.6022444682393,0.287116013188477,0.535832075550239,15.5177243585798,84.2439574444984,9.17845071046843,30.9701253991797,336.322932143962,18.3391093607068
4.60231542321382,0.288113620663169,0.536762163963863,15.5327464145084,84.2439587523869,9.17845078171621,31.0028404806085,336.322936966264,18.3391094921827
4.60237822590222,0.289111240041093,0.537690654597133,15.5471578461435,84.2439601248227,9.17845085648023,31.0342314054208,336.322941788567,18.3391096236586
4.60243319760237,0.290108872116324,0.538617556450144,15.5609730702184,84.2439615585785,9.17845093458468,31.0642525192553,336.322948218303,18.3391097989598
4.60248065114908,0.291106517632918,0.539542878400705,15.5742063685962,84.2439630536542,9.17845101602956,31.0931466148615,336.322949825738,18.3391098427851
4.6025208896852,0.292104177287249,0.540466629207807,15.586871955281,84.2439646044019,9.1784511005072,31.1208160569879,336.322959470343,18.339110105737
4.60255421439738,0.293101851728864,0.541388817513683,15.5989839450925,84.2439662124354,9.17845118810551,31.1470664615383,336.322964292646,18.3391102372129
4.60258091388646,0.294099541562492,0.542309451846906,15.6105563109879,84.2439678712999,9.17845127847285,31.1727273138808,336.322969114949,18.3391103686888
4.60260127420609,0.295097247349806,0.543228540625219,15.6216029264281,84.2439695834159,9.17845137174109,31.1968323647143,336.322975544687,18.33911054399
4.60261557021395,0.296094969609849,0.544146092157105,15.6321375258041,84.2439713350673,9.17845146716303,31.2198205220626,336.322985189294,18.3391108069419
4.6026240740753,0.297092708820878,0.545062114644632,15.6421737043036,84.243973125447,9.17845156469473,31.2421884932584,336.322990011598,18.3391109384179
4.60262704656331,0.298090465423124,0.545976616187108,15.6517249061635,84.2439749561689,9.17845166442407,31.2631200819513,336.322998048771,18.3391111575444
4.60262474494798,0.299088239818363,0.546889604781772,15.6608044323785,84.2439768199714,9.17845176595549,31.2833860166892,336.323006085944,18.339111376671
4.60261741958064,0.300086032371755,0.547801088326552,15.6694254305385,84.2439787120133,9.17845186902526,31.3025190224334,336.323009300814,18.3391114643217
4.60260531097106,0.301083843414756,0.548711074623755,15.6776008721385,84.2439806331017,9.17845197367735,31.3206239589955,336.323018945423,18.3391117272736
4.60258865667758,0.302081673243442,0.549619571379552,15.6853435642639,84.243982580009,9.17845207973594,31.3379507020791,336.323026982597,18.3391119464002
4.60256768468568,0.303079522122454,0.550526586208563,15.6926661451475,84.2439845446669,9.1784521867615,31.3542803860511,336.323033412337,18.3391121217015
4.60254262008644,0.30407739028529,0.551432126635083,15.6995810807449,84.2439865286891,9.17845229484193,31.3697135879218,336.323041449513,18.3391123408281
4.60251367660777,0.305075277935579,0.552336200095176,15.7061006335451,84.2439885240071,9.17845240353771,31.3845730348804,336.323046271818,18.339112472304
4.60248106603715,0.306073185247991,0.553238813938421,15.7122369032573,84.2439905338484,9.17845251302465,31.3984592488431,336.323054308994,18.3391126914307
4.60244499192202,0.307071112369336,0.554139975429797,15.7180017908766,84.2439925509514,9.17845262290716,31.4113568876887,336.32306234617,18.3391129105573
4.60240565295189,0.308069059420504,0.555039691752315,15.7234070064346,84.2439945761229,9.17845273322922,31.4235967525341,336.323075205653,18.3391132611599
4.6023632395639,0.309067026497137,0.555937970008469,15.7284640667535,84.2439966029081,9.17845284363918,31.4352074070093,336.323080027959,18.3391133926359
4.6023179389396,0.310065013670583,0.556834817221933,15.7331843039837,84.2439986305003,9.1784529540931,31.4462142983061,336.323089672572,18.3391136555879
4.60226993025241,0.311063020988549,0.557730240338955,15.7375788349887,84.2440006540584,9.17845306432725,31.4562557195089,336.323099317185,18.3391139185399
4.60221938649833,0.312061048477053,0.558624246230911,15.7416585749596,84.2440026719687,9.17845317425374,31.4656328283133,336.323105746928,18.3391140938413
4.60216647904812,0.313059096141996,0.559516841696473,15.7454342544281,84.244004685038,9.17845328391652,31.4745039362479,336.323113784107,18.339114312968
4.60211136832463,0.314057163967081,0.560408033460514,15.748916389874,84.2440066868116,9.17845339296396,31.4827018401963,336.323123428722,18.33911457592
4.60205421313164,0.315055251918297,0.561297828178853,15.7521153046678,84.244008680517,9.17845350157187,31.4902975545732,336.323128251029,18.339114707396
4.60199516548847,0.316053359943675,0.562186232438749,15.7550411033749,84.2440106629266,9.17845360956445,31.4971381788174,336.323137895645,18.3391149703481
4.60193437225427,0.317051487972693,0.563073252759082,15.7577037017713,84.2440126308132,9.17845371676587,31.5035645598281,336.323145932825,18.3391151894748
4.60187197496376,0.318049635918903,0.563958895593378,15.7601128000148,84.2440145849836,9.17845382322009,31.5095783991894,336.323155577442,18.3391154524269
4.60180811007889,0.319047803681183,0.56484316733159,15.7622778889538,84.2440165214035,9.17845392870736,31.5148939051678,336.323163614623,18.3391156715536
4.6017429088347,0.320045991142573,0.56572607429972,15.7642082755507,84.2440184360388,9.17845403300789,31.5196136239018,336.323168436932,18.3391158030297
4.60167649978789,0.321044198172303,0.566607622762263,15.765913041325,84.2440203353442,9.17845413647332,31.5240308377296,336.32317808155,18.3391160659818
4.60160900440038,0.32204242462626,0.567487818923243,15.7674010808908,84.2440222096376,9.17845423857621,31.5280132889841,336.323184511296,18.3391162412832
4.60154053960226,0.323040670349038,0.56836666892864,15.7686810798003,84.2440240653738,9.17845433966819,31.5314493781717,336.323190941042,18.3391164165846
4.60147121802567,0.324038935172332,0.569244178865565,15.7697615152464,84.2440258928705,9.17845443922181,31.534262921772,336.323200585661,18.3391166795367
4.60140114871746,0.32503721891759,0.570120354765194,15.7706506714572,84.244027696162,9.17845453745684,31.5368057757547,336.323208622844,18.3391168986635
4.60133043584456,0.326035521395478,0.570995202602857,15.7713566365163,84.2440294792826,9.17845463459305,31.5392541351526,336.323211837718,18.3391169863142
4.60125917896252,0.327033842407139,0.57186872829972,15.7718872899784,84.2440312357775,9.17845473027881,31.5408629195784,336.323221482338,18.3391172492663
4.60118747529333,0.328032181744758,0.572740937723817,15.7722503201305,84.244032968874,9.17845482468994,31.5423586229608,336.323229519522,18.3391174683931
4.60111541449645,0.329030539193273,0.57361183669209,15.7724532278734,84.2440346729243,9.17845491751876,31.543382851474,336.323237556707,18.33911768752
4.6010430857265,0.330028914528019,0.574481430968851,15.7725033114875,84.2440363568036,9.17845500924876,31.5441603078335,336.323242379018,18.339117818996
4.60097057089063,0.331027307518262,0.57534972626939,15.7724076740843,84.2440380084093,9.17845509922064,31.5446270961367,336.32325202364,18.3391180819482
4.60089795263525,0.332025717926482,0.576216728259847,15.7721732428227,84.2440396285482,9.17845518747835,31.5446119709548,336.323256845952,18.3391182134243
4.60082530650694,0.33302414550956,0.577082442558739,15.7718067534432,84.2440412269025,9.17845527454933,31.5444748247363,336.323264883138,18.3391184325512
4.60075270462168,0.334022590018132,0.577946874736885,15.7713147419066,84.2440427970173,9.17845536008196,31.5442222626138,336.323269705449,18.3391185640273
4.60068021787369,0.335021051197677,0.578810030318823,15.7707035821948,84.2440443348585,9.17845544385647,31.5432939762982,336.323276135199,18.3391187393287
4.60060791158228,0.336019528789939,0.579671914784509,15.7699794582473,84.244045846074,9.17845552618053,31.5423801572854,336.323280957511,18.3391188708048
4.60053584898644,0.337018022532669,0.58053253356954,15.7691483768777,84.2440473298568,9.17845560701019,31.5411216523645,336.323288994698,18.3391190899317
4.60046408930392,0.338016532158046,0.581391892064248,15.7682161570335,84.2440487837866,9.17845568621359,31.5397424051198,336.32329381701,18.3391192214078
4.6003926891922,0.339015057398495,0.582249995619146,15.767188469008,84.2440502102838,9.17845576392259,31.538085900645,336.32330024676,18.3391193967093
4.60032170244963,0.340013597980317,0.583106849539874,15.7660707906083,84.2440516182236,9.17845584062067,31.5361948772396,336.323305069073,18.3391195281854
4.60025117978058,0.341012153629135,0.583962459092307,15.7648684470699,84.2440529971172,9.17845591573644,31.5341133598119,336.323311498823,18.339119703487
4.60018116785166,0.34201072406874,0.584816829501974,15.7635865778764,84.2440543461577,9.17845598922595,31.5317635514942,336.323316321137,18.3391198349631
4.60011171386589,0.343009309020469,0.585669965953923,15.7622301847477,84.244055665345,9.17845606108919,31.5295150034449,336.323325965763,18.3391200979154
4.60004285874311,0.344007908204926,0.586521873594605,15.7608040937694,84.2440569627476,9.17845613176571,31.5269571103777,336.323327573201,18.3391201417407
4.59997464169701,0.345006521341393,0.587372557531753,15.7593129669518,84.2440582311039,9.17845620085992,31.5242247495136,336.323332395514,18.3391202732169
4.59990710269044,0.346005148148781,0.58822202283558,15.7577613340212,84.2440594768687,9.17845626872345,31.5212884521543,336.323338825266,18.3391204485184
4.59984027397081,0.347003788345628,0.589070274539149,15.7561535569422,84.244060694394,9.17845633504861,31.5187047765874,336.323342040142,18.3391205361692
4.59977418967935,0.348002441650559,0.589917317639141,15.7544938399713,84.2440618869073,9.17845640001124,31.5154339431256,336.323348469894,18.3391207114707
4.59970887943368,0.34900110778237,0.590763157096285,15.7527862649437,84.2440630519879,9.17845646347946,31.5121997485526,336.323354899646,18.3391208867722
4.5996443717768,0.349999786460192,0.591607797835857,15.7510347533927,84.2440641920565,9.17845652558514,31.5088339178982,336.323361329398,18.3391210620738
4.59958069135099,0.350998477404052,0.592451244748504,15.7492430941419,84.2440653111471,9.17845658654804,31.505478725992,336.323361329398,18.3391210620738
4.59951786421006,0.35199718033538,0.593293502691021,15.7474149237097,84.2440664084531,9.17845664632421,31.501922877453,336.323367759151,18.3391212373753
4.5994559116869,0.352995894976754,0.594134576486467,15.7455537754873,84.2440674823606,9.17845670482574,31.4984459780964,336.323374188904,18.3391214126769
4.59939485366345,0.353994621050993,0.594974470923747,15.7436630127661,84.2440685328697,9.17845676205263,31.4948123226839,336.323372581466,18.3391213688515
4.59933470812327,0.354993358283944,0.595813190760278,15.7417458990766,84.2440695607873,9.17845681804884,31.4910871516608,336.323380618657,18.3391215879785
4.59927549281285,0.355992106403505,0.596650740721492,15.7398055441072,84.2440705636928,9.17845687268251,31.4872289879244,336.323383833534,18.3391216756292
4.59921722094878,0.356990865138402,0.597487125500125,15.7378449697133,84.2440715480409,9.17845692630525,31.4833294235993,336.323390263288,18.3391218509308
4.59915990646547,0.357989634219772,0.598322349757864,15.7358670388739,84.2440725097974,9.17845697869731,31.4795980342476,336.323393478164,18.3391219385816
4.59910356188682,0.358988413382649,0.599156418126893,15.7338745207553,84.2440734546102,9.17845703016636,31.4755794144498,336.32339830048,18.3391220700578
4.59904819624281,0.35998720236263,0.59998933520741,15.7318700653397,84.2440743768315,9.17845708040472,31.4717103230849,336.323399907918,18.3391221138832
4.59899381911546,0.360986000899136,0.600821105570648,15.7298562185166,84.2440752845296,9.17845712985192,31.4676430646919,336.323406337672,18.3391222891847
4.59894043643737,0.361984808733898,0.601651733757909,15.7278353901504,84.2440761696362,9.17845717806845,31.4636483840557,336.32340955255,18.3391223768355
4.59888805563245,0.362983625611836,0.602481224281584,15.725809903778,84.2440770410264,9.17845722553777,31.4597463324692,336.323412767427,18.3391224644863
4.5988366811938,0.363982451280676,0.603309581625119,15.7237819766351,84.2440778930525,9.17845727195221,31.455715727686,336.323414374866,18.3391225083117
4.59878631663513,0.364981285491499,0.604136810243755,15.721753735832,84.2440787265211,9.17845731735574,31.4515220987262,336.32342080462,18.3391226836133
4.59873696385338,0.365980127998596,0.604962914564683,15.7197271756182,84.2440795430461,9.17845736183625,31.4476220231166,336.323424019498,18.3391227712641
4.59868862410861,0.366978978559225,0.605787898987117,15.7177042284959,84.2440803418205,9.1784574053498,31.4435688053494,336.323427234375,18.3391228589149
4.5986412977005,0.367977836934569,0.606611767883355,15.7156867136991,84.2440811292992,9.178457448248,31.439392853045,336.323428841814,18.3391229027403
4.59859498484042,0.368976702888959,0.607434525598404,15.7136763666808,84.2440818998342,9.17845749022319,31.4353035918636,336.32343366413,18.3391230342165
4.59854968355358,0.369975576190414,0.608256176450691,15.7116748448652,84.2440826566529,9.17845753145118,31.4313638943854,336.323435271569,18.3391230780419
4.59850538964252,0.370974456610582,0.609076724732264,15.7096836928926,84.2440834029826,9.17845757210778,31.4274676631169,336.323436879008,18.3391231218673
4.59846210050595,0.371973343924651,0.609896174708983,15.7077044068626,84.2440841315617,9.17845761179741,31.4234338591755,336.323441701325,18.3391232533435
4.59841981205102,0.372972237911859,0.610714530621189,15.7057383623898,84.2440848464246,9.17845765073984,31.4193447590426,336.323444916203,18.3391233409943
4.59837851871513,0.373971138354871,0.611531796683436,15.7037868915804,84.244085548378,9.17845768897902,31.4155055016487,336.323448131081,18.3391234286451
4.59833821431089,0.374970045040237,0.612347977085119,15.7018512362738,84.2440862406493,9.17845772669076,31.4116817735514,336.32344973852,18.3391234724705
4.59829889309763,0.375968957758633,0.613163075990909,15.6999325610996,84.2440869200111,9.17845776369925,31.4076989524941,336.323452953398,18.3391235601213
4.59826054730166,0.376967876304081,0.613977097540357,15.6980319620485,84.2440875800087,9.17845779965288,31.4036841237699,336.323456168276,18.3391236477721
4.59822316857923,0.377966800474891,0.614790045848899,15.6961504737577,84.2440882303242,9.17845783507906,31.3999186072953,336.323459383154,18.339123735423
4.5981867497322,0.378965730073009,0.615601925007556,15.6942890443214,84.2440888701507,9.17845786993385,31.3960843819604,336.323460990593,18.3391237792484
4.59815127964719,0.379964664904553,0.616412739083605,15.6924485783144,84.2440894986814,9.17845790417331,31.3922625954752,336.323464205471,18.3391238668992
4.59811675178381,0.380963604779612,0.617222492120639,15.6906299065942,84.2440901175301,9.17845793788532,31.3886753501643,336.32346581291,18.3391239107246
4.59808315382692,0.381962549511783,0.618031188138417,15.6888337985726,84.2440907275034,9.17845797111385,31.3847835493106,336.323470635228,18.3391240422008
4.59805047553828,0.382961498919108,0.618838831133849,15.6870609749371,84.2440913277947,9.17845800381495,31.3814337227693,336.323470635228,18.3391240422008
4.59801870710072,0.383960452822953,0.619645425080306,15.6853120898637,84.2440919192107,9.17845803603256,31.3777762685866,336.323472242667,18.3391240860262
4.59798783657571,0.384959411049376,0.620450973928944,15.6835877472656,84.2440925025583,9.17845806781064,31.3743956059856,336.323473850106,18.3391241298516
4.59795785222728,0.385958373427493,0.621255481607602,15.6818885012566,84.2440930778374,9.17845809914919,31.3707332233759,336.323477064985,18.3391242175024
4.59792874268156,0.386957339791039,0.622058952022265,15.6802148477316,84.2440936418208,9.1784581298724,31.3673034251906,336.323481887302,18.3391243489787
4.59790049515609,0.387956309977133,0.622861389056291,15.6785672298471,84.2440941977357,9.17845816015608,31.3638089996857,336.323481887302,18.3391243489787
4.59787309644841,0.388955283827029,0.623662796571215,15.6769460704061,84.244094741548,9.17845818978046,31.3606205707373,336.323485102181,18.3391244366295
4.59784653563832,0.389954261185539,0.624463178406493,15.675351726864,84.244095286974,9.17845821949275,31.3571384490723,336.323489924499,18.3391245681057
4.59782079772913,0.390953241901555,0.625262538380123,15.6737845009958,84.244095821911,9.17845824863364,31.353915576356,336.32348831706,18.3391245242803
4.59779587169854,0.391952225827583,0.626060880288478,15.6722446759761,84.2440963495864,9.17845827737897,31.3507660578741,336.323491531938,18.3391246119311
4.59777176213116,0.392951212857382,0.626858207936517,15.6707324917717,84.244096871614,9.17845830581661,31.3476231791027,336.323494168139,18.3391246838048
