G_1,G_2,G_3,S_1,S_2,S_3,I_1,I_2,I_3
9.166999999937,0.000999999999998474,0.0316227766016597,102.5,0.001,0.0316227766016838,52,0.001,0.0316227766016838
9.20886555628144,0.00199998667676056,0.0447212105914024,103.004330546732,0.00323150441666615,0.0568463228068989,128.5,0.00225,0.0474341649025257
9.24635652223983,0.00299995337638595,0.0547718301354441,103.055635787798,0.00493943414297552,0.0702811080090199,167.25433054673,0.00479400441666614,0.0692387493869303
9.28387763682311,0.00399984160813588,0.0632443009933376,103.125018119472,0.00744550977650392,0.0862873674213318,186.682801061162,0.00951087643832798,0.0975237224388404
9.32408850341919,0.00499956448088183,0.070707598466373,103.213351028754,0.0110579980318561,0.105157016084787,196.466418650057,0.0164784923962072,0.128368580253141
9.36878111394836,0.00599902166973931,0.0774533515720224,103.32226680078,0.0160728210059632,0.126778629926195,201.446560353765,0.0266455380862014,0.163234610564676
9.41936173579139,0.00699810692648627,0.0836546886103001,103.453805830505,0.022773862512404,0.150910114016271,204.045546977696,0.0411732858750895,0.202912015107754
9.47708205885511,0.0079967118519975,0.0894243359047049,103.6101745241,0.0314332642258685,0.177294287064949,205.476579319278,0.0612445323103783,0.247476326767589
9.54313708973077,0.00899472779471374,0.0948405387727935,103.793533269668,0.0423117147349232,0.205698115535664,206.348464183886,0.0880086691007538,0.296662550890323
9.61868640582654,0.00999204681025069,0.0999602261414543,104.005777448819,0.0556587327436054,0.235921030736146,206.967765361678,0.122567591210161,0.35009654555588
9.70482540289849,0.0109885621505571,0.10482634282735,104.248302006608,0.0717129449093297,0.267792727513892,207.489660128963,0.1659737945463,0.407398815101738
9.80251937272193,0.0119841685170742,0.109472227149511,104.521763095643,0.0907023585147626,0.301168322561923,207.993132071611,0.219231805245282,0.46822196151535
9.9125085071133,0.0129787621952019,0.113924370506059,104.825871782694,0.112844629068977,0.335923546464038,208.518329131716,0.283300231620052,0.53225955286876
10.0351927168449,0.0139722411287537,0.118204234817344,105.159272586396,0.138347322902883,0.37195069955961,209.085036348101,0.359093688975176,0.59924426486632
10.1705093617302,0.0149645049637643,0.122329493433776,105.51956714848,0.16740817481879,0.409155440900875,209.701790760589,0.447484459809838,0.668942792628666
10.3178226201211,0.0159554550763459,0.126314904410944,105.90353191211,0.200215340856035,0.447454289124637,210.370462527484,0.54930392264195,0.741150404872014
10.4758477961882,0.0169449945919544,0.130172941089746,106.307542155899,0.236947646237977,0.486772684358908,211.088763173398,0.66534381264249,0.81568609933141
10.6426344659697,0.0179330283997699,0.133914257641858,106.728156016797,0.277774828567961,0.527043478821208,211.851923746041,0.79635736777224,0.892388574429458
10.8156265408074,0.0189194631640507,0.137548039477307,107.162747766926,0.322857776343305,0.568205751768939,212.654117892142,0.943060398002159,0.971112968712785
10.9918044480091,0.0199042073334152,0.141082271506434,107.610037000851,0.37234876285672,0.610203869912934,213.489806715471,1.10613230172397,1.05172824518693
11.1678970245141,0.0208871711485377,0.144523946626633,108.070365694877,0.426391675555474,0.6529867345938,214.354940349926,1.28621704405871,1.13411509295076
11.340633545128,0.0218682666485304,0.147879229942986,108.545636310828,0.48512224092668,0.696507172200459,215.247835886894,1.48392410583752,1.21816423598689
11.506995659765,0.0228474076761372,0.151153589689882,109.038921849358,0.548668244978299,0.740721435479155,216.169554240857,1.69982940836649,1.30377506049414
11.6644290349183,0.0238245098818561,0.154351902747767,109.553853517638,0.617149749383179,0.785588791533573,217.123698972467,1.93447621696324,1.39085449165728
11.8109851632464,0.0247994907270241,0.15747854052862,110.0939450613,0.690679303354486,0.831071178272046,218.115703012646,2.18837602510757,1.47931606666985
11.9453809835511,0.0257722694859328,0.16053743951469,110.662008423829,0.76936215131839,0.877132915422965,219.151796588383,2.46200942021981,1.56907916314628
12.066981517849,0.0267427672469908,0.163532159672007,111.25976437397,0.853296436449573,0.923740459463356,220.237906702473,2.75582693192608,1.66006835158257
12.17572353016,0.0277109069129757,0.166465933190475,111.88768238451,0.942573400135268,0.970862194204341,221.378717726796,3.07024986310563,1.7522128475461
12.2720038852151,0.0286766132004216,0.169341705437325,112.545024107646,1.03727757743246,1.01846825057655,222.577041250009,3.40567110437107,1.84544604482794
12.3565554215448,0.0296398126381218,0.17216216959054,113.230029919066,1.13748698857904,1.0665303505194,223.833544746153,3.76245593207752,1.9397051147217
12.4303280954282,0.0306004335648658,0.174929796103654,113.940179495101,1.24327332662832,1.11502167092318,225.14680228736,4.14094279040899,2.03493065985281
12.4943865715065,0.0315584061263196,0.177646857912882,114.672467416377,1.35470214125479,1.16391672436424,226.513580631061,4.54144405741814,2.13106641318804
12.5498293409952,0.0325136622711792,0.180315452114286,115.423653334303,1.47183301881067,1.21319125401178,227.929257738113,4.96424679576269,2.22805897492923
12.5977298826009,0.033466135746551,0.182937518695731,116.190465163766,1.59471975868531,1.26282214055872,229.38828220079,5.40961348808682,2.32585758121318
12.6390975703956,0.0344157620926639,0.185514856797681,116.969748752966,1.72341054601267,1.31278731941342,230.884606261825,5.87778275727434,2.4244138997445
12.6748547042412,0.0353624786368409,0.188049138888858,117.758567173197,1.85794812081667,1.36306570671287,232.412051901898,6.36897007197299,2.52368184840581
12.7058257617611,0.0363062244868247,0.190541923173943,118.554257805954,1.99836994361458,1.41363713293567,233.964593112728,6.88336843777876,2.62361743357883
12.732735298788,0.0372469405234261,0.192994664494711,119.35445700354,2.14470835758637,1.46448228312478,235.536554360478,7.42114907349266,2.72417860528502
12.7562115423062,0.0381845693926558,0.195408723942039,120.157101686927,2.29699074729762,1.51558264284651,237.12273416292,7.98246207409779,2.8253251271487
12.7767933942403,0.0391190554971068,0.197785377359164,120.960415803335,2.45523969411418,1.56692044919778,238.718468761838,8.56743705919107,2.92701845897683
12.794939191241,0.040050344986924,0.200125822888812,121.762887816561,2.61947312826998,1.61847864621996,240.319650214224,9.17618380800983,3.02922165052507
12.811036083396,0.0409783857500333,0.20243118769111,122.563243753066,2.78970447774648,1.67024084423369,241.922712892432,9.80879288151528,3.13189924510915
12.8254092963311,0.041903127402065,0.204702533941486,123.360418891844,2.96594281390811,1.72219128261297,243.524600196408,10.4653362303861,3.23501719166778
12.8383308355442,0.0428245212755083,0.206940864199192,124.15353010835,3.14819299406096,1.77431479564956,245.122719013675,11.145867790695,3.33854276454488
12.850027398634,0.0437425204086083,0.209147126226033,124.941850050151,3.3364558008753,1.82659678114117,246.714889605053,11.8504240669888,3.44244449003739
12.860687400352,0.0446570795336721,0.211322217321492,125.724783769211,3.53072807882264,1.87902317144378,248.299294866353,12.5790247014806,3.54669207875178
12.8704671006739,0.045568155064983,0.213466988232333,126.501848032052,3.7310028675912,1.93158040671135,249.874431170621,13.3316730338222,3.65125636374964
12.8794958812971,0.0464757050862142,0.215582246686072,127.272653318661,3.93726953259169,1.9842554101203,251.439063628226,14.1083566443588,3.75610924286806
12.887880742779,0.0473796893373599,0.217668760591317,128.036888339829,4.14951389257627,2.03703556487762,252.99218513494,14.9090478900734,3.86122362601202
12.8957101069573,0.0482800692015345,0.219727260943048,128.794306864934,4.36771834445856,2.08990869285205,254.532980898374,15.7337044259571,3.9665733859286
12.9030570118899,0.0491768076911582,0.221758444464147,129.544716590432,4.59186198529959,2.14286303465704,256.060797313101,16.5822697151104,4.07213331254152
12.9099817835336,0.0500698694338863,0.223762976012312,130.287969795282,4.8219207315453,2.19588723106295,257.575115260053,17.4546735284141,4.17787907058284
12.9165342601666,0.0509592206579866,0.225741490776478,131.02395553312,5.05786743569449,2.24897030564979,259.075527438529,18.3508324334862,4.28378716015235
12.9227556393632,0.0518448291779496,0.227694596286231,131.752593131407,5.29967200018319,2.30210164853405,260.561719213045,19.2706502693148,4.38983487950456
12.9286800068509,0.0527266643789739,0.22962287425031,132.473826798302,5.54730148872575,2.3552710011219,262.033452750885,20.2140186158337,4.49600029090676
12.9343356002125,0.0536046972018834,0.231526882244554,133.187621156046,5.80072023513471,2.40846844179755,263.490553226201,21.18081724759,4.60226218805382
12.9397458506515,0.0544789001273319,0.233407155261641,133.893957562071,6.05988994962323,2.46168437246192,264.932897778925,22.1709145806433,4.70860006590529
12.944930241788,0.0553492471599515,0.235264207137319,134.592831050264,6.32476982257171,2.51490950584146,266.360406434955,23.1841681067469,4.81499409207809
12.9499050159209,0.0562157138121183,0.237098531864114,135.284247846006,6.59531662601461,2.56813485354929,267.773034292349,24.2204248194716,4.92142508014413
12.9546837544413,0.0570782770875128,0.238910604803372,135.966197559634,6.8714848125411,2.62135171477257,269.17076499968,25.2795216264849,5.02787446407375
12.9590752820656,0.0579369154645736,0.240700883805136,136.643121447889,7.15322661209879,2.67455166562525,270.551580094928,26.3612857613917,5.13432427505234
12.9633286841243,0.0587916088794991,0.242469810243459,137.312529848076,7.44049212645749,2.72772654906196,271.918911481904,27.4655351754695,5.24075711853445
12.9674453106031,0.0596423387095894,0.244217809976237,137.974480060034,7.7332294211138,2.78086846526653,273.271985548938,28.5920789222575,5.34715615278416
12.9714265885255,0.0604890877554442,0.245945294233177,138.629029030756,8.03138461541944,2.83396976261559,274.610472900405,29.7407175416732,5.45350506937265
12.9752739777712,0.0613318402239429,0.247652660441884,139.276233387749,8.33490197035026,2.88702302906476,275.934265452785,30.9112434263615,5.5597880738713
12.9789889493805,0.0621705817107663,0.249340292994867,139.916149452236,8.64372397413351,2.94002108396071,277.243366102155,32.1034411761437,5.66598986728212
12.9825729738229,0.0630052991826303,0.251008563962727,140.548833233977,8.95779142550384,2.99295697020586,278.537832474248,33.3170879573509,5.77209562960897
12.9860275157032,0.0638359809588121,0.252657833757064,141.174340456271,9.27704351569606,3.04582394693063,279.817749431423,34.5519538391045,5.87809100296215
12.9893540313166,0.0646626166945097,0.254288451752158,141.792726536898,9.60141790748282,3.09861548235382,281.083215180424,35.8078021331597,5.98396207651416
12.992553967178,0.0654851973614076,0.255900756859779,142.404046605218,9.93085081273523,3.15132524705642,282.33433402301,37.0843897110325,6.08969537095514
12.9956287591511,0.0663037152306464,0.25749507807072,143.008355494147,10.2652770680611,3.20394710756297,283.571213723754,38.3814673340942,6.19527782541624
12.9985798323808,0.0671181638533028,0.259071734956368,143.605707745351,10.6046302085324,3.2564751202078,284.793962301387,39.6987799546224,6.30069678326314
13.0014086012652,0.067928538043469,0.260631038142945,144.19615760449,10.9488425389801,3.30890352518475,286.002688843714,41.0360670195818,6.40593997939271
13.0041164692566,0.0687348338586782,0.26217328975065,144.779759029701,11.2978452043825,3.3612267409954,287.197501982687,42.3930627654557,6.51099552798616
13.006704828758,0.0695370485817878,0.263698783807942,145.356565685186,11.6515682578965,3.41343935904778,288.378510132478,43.7694965029335,6.61585191059575
13.0091750615869,0.0703351807030792,0.265207806640527,145.926630955172,12.0099407269586,3.46553613845803,289.545820796026,45.1650929107916,6.72049796598374
13.0115285386958,0.0711292299006977,0.266700637233393,146.490007915378,12.372890677936,3.5175120011076,290.699541370293,46.5795722838414,6.82492287750136
13.0137666201153,0.0719191970221085,0.268177547572701,147.046749366947,12.7403452794495,3.56936202695237,291.839778594217,48.0126508233747,6.9291161646616
13.0158906554311,0.0727050840666394,0.269638802969156,147.596907820694,13.1122308627659,3.62108144934161,292.966638688818,49.4640408744867,7.03306767168401
13.0179019835952,0.0734868941650298,0.27108466235667,148.140535495329,13.4884729822466,3.67266565075649,294.080227109178,50.9334511907558,7.13676755896924
13.0198019326283,0.0742646315625681,0.27251537857994,148.677684323531,13.8689964728029,3.72411015852148,295.180649121004,52.4205871742179,7.24020629362299
13.0215918206212,0.075038301598965,0.273931198659381,149.208405950093,14.2537255064239,3.77541064076796,296.26800875421,53.9251511232491,7.34337464135183
13.0232729547591,0.0758079106904448,0.275332364044703,149.73275173851,14.6425836469822,3.82656290252522,297.342410364741,55.4468424354644,7.44626365605358
13.0248466319232,0.0765734663105727,0.276719110851731,150.250772764765,15.0354939035675,3.87756288196174,298.403956856581,56.9853578817458,7.54886467501874
13.0263141386924,0.0773349769721459,0.278091670087664,150.762519814877,15.4323787824277,3.92840664677522,299.452751204351,58.5403917789073,7.65116930794942
13.0276767512577,0.0780924522084468,0.279450267862543,151.268043402229,15.8331603375106,3.97909039071879,300.488895165313,60.1116362337379,7.75316943151237
13.0289357357798,0.0788459025545001,0.280795125588925,151.767393748281,16.2377602189543,4.02961043017242,301.512491085525,61.6987813141664,7.8548571797434
13.0300923482966,0.0795953395284666,0.28212646017073,152.260620789503,16.6460997208623,4.07996320092012,302.523639213477,63.3015153146748,7.95622494118126
13.0311478343421,0.0803407756132962,0.28344448418217,152.747774189579,17.0580998276691,4.1301452550327,303.522440423768,64.919524891569,8.05726534821641
13.0321034295326,0.0810822242380613,0.284749406036363,153.228903326743,17.4736812589608,4.18015325783168,304.508994364573,66.5524952702731,8.15797127172394
13.0329603601695,0.0818196997603225,0.286041430146618,153.70405729375,17.8927645124931,4.22998398489794,305.483400565364,68.200110437997,8.25833581528367
13.0337198413331,0.0825532174459965,0.287320757074731,154.173284913391,18.3152699069305,4.27963431930002,306.445757630725,69.86205332731,8.35835230935559
13.0343830793613,0.0832827934532354,0.288587583678223,154.636634721249,18.7411176228849,4.32910124886043,307.396163663407,71.5380059825806,8.45801430494065
13.0349512701042,0.0840084448130877,0.289842103244314,155.094154982756,19.1702277419655,4.3783818634246,308.334716564169,73.227649725137,8.55731556769627
13.0354255997435,0.0847301894112755,0.291084505618687,155.54589367266,19.6025202861423,4.42747335239212,309.261513449751,74.9306653097132,8.6562500720412
13.0358072451758,0.0854480459704898,0.292314977328377,155.991898503264,20.0379152539449,4.47637300210169,310.176650467029,76.6467331250508,8.75481199826991
13.0360973729228,0.0861620340322064,0.293533701697448,156.432216901578,20.4763326583217,4.52507819361409,311.080223633271,78.3755332750058,8.85299572320047
13.0362971405732,0.0868721739393119,0.294740858958021,156.86689601851,20.917692559504,4.57358640013545,311.97232890373,80.1167458073565,8.95079581977807
13.0364076956574,0.0875784868175457,0.295936626353592,157.295982743969,21.3619151007886,4.62189518496348,312.853060318182,81.8700508186996,9.04820704994639
13.0364301763639,0.088280994558863,0.297121178240231,157.719523680248,21.8089205404616,4.67000219919237,313.722512784949,83.6351285525531,9.14522435769364
13.0363657117596,0.0889797198029261,0.2982946861795,158.137565155476,22.2586292831415,4.71790517954118,314.580780360385,85.4116596465349,9.24184287069061
13.0362154208573,0.0896746859199246,0.299457319028814,158.550153238249,22.7109619111558,4.76560194636059,315.427955108741,87.1993251546748,9.33805788987596
13.0359804141856,0.0903659169935846,0.30060924302753,158.957333712328,23.1658392142442,4.81309040162807,316.264130930405,88.9978067306491,9.43386488829732
13.0356617919772,0.0910534378033796,0.30175062187737,159.359152103959,23.6231822168745,4.86036852685828,317.08939947306,90.8067867149549,9.52925950506937
13.0352606463768,0.0917372738075932,0.302881616820158,159.75565365995,24.0829122080737,4.9074343814333,317.903851927237,92.6259483055751,9.62423754411616
13.034778059638,0.0924174511272938,0.304002386713154,160.146883355962,24.5449507659413,4.95428610053369,318.707579275766,94.4549756287509,9.7187949679346
13.0342151047518,0.0930939965269083,0.305113088095067,160.532885913605,25.0092197852499,5.00092189353622,319.500672944205,96.2935538508981,9.81292789390089
13.0335728461175,0.0937669374010735,0.306213875258901,160.91370577494,25.4756415010625,5.0473400421472,320.283222417762,98.1413693351391,9.90663259312361
13.032852339018,0.0944363017550726,0.307304900310868,161.289387109906,25.944138512832,5.09353889872571,321.0553169555,99.9981096272148,9.99990548091405
13.0320546296547,0.0951021181897653,0.308386313233524,161.659973844809,26.4146338079705,5.13951688468581,321.817045677287,101.863463733122,10.0927431223192
13.0311807554292,0.0957644158845735,0.309458261942662,162.025509623581,26.887050783382,5.1852724888266,322.568496833312,103.737122064374,10.1851422211167
13.0302317447384,0.0964232245820979,0.310520892343974,162.386037828573,27.3613132673374,5.2308042658216,323.309757901028,105.618776568892,10.2770996185155
13.0292086176367,0.0970785745708861,0.311574348383955,162.741601580404,27.8373455395606,5.27611083465469,324.040916825676,107.508120842475,10.3686122910674
13.0281123846972,0.0977304966708425,0.312618772102448,163.092243741075,28.3150723518651,5.32119087722524,324.76206014781,109.404850240505,10.4596773487763
13.0269440487602,0.0983790222168833,0.313654303679837,163.438006904809,28.7944189451199,5.36604313671814,325.473273703717,111.30866186875,10.5502920276526
13.0257046028097,0.0990241830423616,0.314681081481492,163.778933408033,29.2753110691078,5.41066641635832,326.174643618752,113.219254764971,10.6404536916887
13.0243950322311,0.0996660114649197,0.31569924210381,164.115065323829,29.7576750001443,5.45505957805634,326.866255703968,115.136329877709,10.7301598253572
13.0230163136011,0.100304540270581,0.31670892041523,164.446444482825,30.2414375566974,5.49922154097263,327.548193350835,117.059590225167,10.8194080348773
13.0215694149932,0.100939802699359,0.317710249597584,164.773112432448,30.7265261155951,5.54315128023718,328.220541351006,118.988740931966,10.9081960438913
13.0200552960978,0.101571832428992,0.318703361182452,165.095110482204,31.2128686277794,5.58684782572243,328.883382769874,120.923489287645,10.9965216904094
13.0184749084048,0.10220066356097,0.319688385089246,165.412479685383,31.7003936321684,5.63031026073772,329.536802016584,122.863544788469,11.0843829232154
13.0168291941229,0.102826330604947,0.320665449658904,165.725260813743,32.189030269905,5.67353772084975,330.180880799593,124.808619211751,11.1717777999632
13.0151190886972,0.103448868465304,0.321634681689185,166.033494419189,32.678708297415,5.71652939268356,330.815701220934,126.758426765772,11.2587044887843
13.0133455182152,0.104068312425398,0.322596206464672,166.33722078151,33.1693580999952,5.75928451285359,331.441345051702,128.712683991753,11.3451612589576
13.0115094010987,0.10468469813623,0.323550147792008,166.636479935882,33.6609107031026,5.80180236677385,332.057893472985,130.67110990943,11.4311464827213
13.0096116476072,0.105298061597752,0.32449662802216,166.931311652222,34.1532977827147,5.8440822874695,332.665426369749,132.633426112737,11.5166586348965
13.0076531597182,0.105908439148843,0.325435768084645,167.221755473447,34.6464516775504,5.88612365462623,333.264025144783,134.599356621751,11.6016962820853
13.0056348316003,0.106515867451849,0.326367687511875,167.507850655497,35.1403053990598,5.92792589351957,333.853767854836,136.568628163047,11.6862580907255
13.0035575494902,0.107120383479657,0.327292504466047,167.789636242704,35.6347926391359,5.96948847382554,334.434734422691,138.540970142112,11.7703428217751
13.0014221912899,0.10772202450121,0.328210335762312,168.067151013648,36.1298477845775,6.01081090906855,335.00700339302,140.516114560597,11.853949323352
12.9992296275532,0.108320828070756,0.329121296896382,168.340433496208,36.6254059191163,6.05189275509045,335.570652549479,142.493796173562,11.9370765337901
12.9969807209797,0.108916832011198,0.330025502061883,168.609521988791,37.1214028353661,6.09273360942082,336.125759852085,144.473752567638,12.0197234813301
12.9946763260998,0.1095100744039,0.330923064176404,168.874454523968,37.6177750409933,6.1333331102259,336.67240208838,146.455723985921,12.1018892734118
12.9923172900697,0.110100593574989,0.33181409490103,169.135268898446,38.1144597645147,6.17369093529266,337.210655359767,148.439453698658,12.1835731088486
12.9899044523117,0.110688428081917,0.332698704659212,169.392002671102,38.6113949682481,6.21380680165132,337.740597234048,150.424687685193,12.2647742614853
12.9874386446844,0.11127361670441,0.33357700266117,169.64469314358,39.1085193444017,6.25368046388698,338.262301277322,152.411174813432,12.3454920847017
12.9849206910373,0.111856198426982,0.334449096914586,169.893377392918,39.6057723296383,6.29331171400546,338.775843363257,154.398666947185,12.4257260128809
12.9823514081392,0.112436212431119,0.335315094248855,170.138092252758,40.10309410489,6.3327003801609,339.281298972211,156.386918927435,12.5054755578281
12.9797316057356,0.11301369808151,0.336175100329442,170.378874294476,40.6004256011919,6.37184632592406,339.778741919848,158.375688314745,12.5847402958799
12.9770620851197,0.113588694914844,0.337029219675155,170.615759878365,41.0977085063056,6.41074944965919,340.268244935564,160.364736007297,12.6635198901134
12.9743436406998,0.114161242628293,0.337877555674083,170.84878512281,41.594885267505,6.44940968364586,340.749882129748,162.353825590675,12.7418140620037
12.971577060061,0.114731381067862,0.338720210598455,171.077985886191,42.0918990914327,6.48782699302569,341.223725833467,164.342723835146,12.8196226089205
12.9687631224822,0.115299150215615,0.339557285617044,171.303397820327,42.5886939520886,6.52600137542804,341.689848860366,166.33120055903,12.8969453964507
12.9659026008084,0.115864590182145,0.340388880814496,171.525056315346,43.0852145931113,6.56393286019223,342.148322623932,168.31902852625,12.9737823523539
12.9629962602904,0.116427741192415,0.341215095200102,171.742996548943,43.5814065284326,6.60162150751106,342.599218244029,170.305983669449,13.0501334732427
12.9600448596434,0.1169886435772,0.342036026724086,171.957253462289,44.0772160448893,6.63906740776815,343.04260517045,172.291844961672,13.1259988176775
12.9570491494076,0.117547337761596,0.342851772288837,172.167861748231,44.5725901996926,6.67627068052911,343.478556363784,174.276394328664,13.2013785010757
12.9540098743813,0.118103864252481,0.34366242775794,172.374855876635,45.0674768317344,6.71323147461298,343.907140175324,176.259417028753,13.2762727084356
12.9509277712211,0.118658263631972,0.344468087973286,172.578270103959,45.5618245545516,6.74994996681839,344.328425481704,178.240701255848,13.3506816775717
12.9478035703722,0.119210576546193,0.345268846764653,172.778138419729,46.05558275859,6.78642636139154,344.742482615492,180.220038295157,13.4246057035265
12.9446379950229,0.119760843693893,0.346064796958449,172.974494630024,46.5487016130637,6.82266088949639,345.149380324504,182.19722252683,13.4980451372349
12.9414317615399,0.120309105818065,0.346856030390226,173.167372262414,47.0411320642805,6.85865380845837,345.549183866576,184.172051702791,13.5710003943258
12.9381855797505,0.12085540369559,0.347642637913691,173.356804676864,47.5328258381965,6.89440540135235,345.941964989561,186.144326246284,13.6434719278593
12.9349001520615,0.121399778128167,0.348424709411039,173.542824950958,48.0237354359792,6.9299159761125,346.327786894783,188.113850120765,13.7154602591661
12.9315761751733,0.121942269933688,0.349202333803324,173.725465973232,48.513814137364,6.96518586524179,346.706718607269,190.080430151029,13.7869659516164
12.928214338466,0.12248291993589,0.349975599057834,173.904760407618,49.0030159972704,7.00021542506161,347.078824827434,192.043876248058,13.8579896178363
12.9248153248121,0.123021768956053,0.350744592197873,174.080740671632,49.4912958424351,7.03500503499714,347.444173159153,194.004001592866,13.9285319252556
12.9213798101931,0.123558857804111,0.351509399311186,174.253438987678,49.9786092780804,7.06955509760554,347.802827049048,195.960622375593,13.9985935856283
12.91790846468,0.124094227270592,0.352270105559061,174.422887331772,50.4649126748876,7.10386603722843,348.154852642331,197.913557843024,14.0681753558528
12.9144019513424,0.124627918117124,0.353026795182921,174.589117486099,50.9501631782833,7.13793830025752,348.500313204447,199.862630445563,14.1372780423094
12.9108609270004,0.125159971069049,0.353779551513438,174.752160984389,51.4343186890302,7.17177235340262,348.839274705558,201.807665605104,14.2059024917498
12.9072860416559,0.125690426804054,0.354528456973561,174.912049167556,51.917337885417,7.20536868490552,349.171798119979,203.748491998835,14.2740496005456
12.9036779400096,0.126219325950273,0.355273593094495,175.068813153127,52.3991802016852,7.23872780270713,349.497948068274,205.684941050476,14.341720296062
12.9000372591625,0.126746709074517,0.356015040517274,175.222483845783,52.8798058348437,7.27185023462693,349.817787429582,207.616847427111,14.4089155534728
12.8963646308673,0.12727261667522,0.356752879000604,175.373091913894,53.3591757305922,7.30473652711665,350.131376660035,209.544049127189,14.475636398003
12.8926606807264,0.127797089172802,0.357487187424671,175.520667821992,53.8372515930692,7.33738724568012,350.438780804661,211.466386542309,14.5418838718479
12.8889260270594,0.128320166905931,0.358218043802837,175.665241842753,54.3139958706146,7.36980297366318,350.740058597861,213.383703716417,14.6076590772244
12.8851612826927,0.128841890121552,0.358945525284202,175.806844026175,54.78937176713,7.40198431281302,351.035271142514,215.295847243338,14.6729631378034
12.8813670546377,0.129362298970673,0.359669708163855,175.945504182154,55.2633432171809,7.4339318813923,351.324479647218,217.202667317226,14.7377972342282
12.8775439439772,0.129881433497871,0.360390667883994,176.081251954966,55.7358749028433,7.46564631514535,351.607744173779,219.104016008494,14.8021625449964
12.8736925451712,0.13039933363808,0.361108479044843,176.214116741896,56.2069322294116,7.49712826550351,351.885124107798,220.999749753017,14.8660603305993
12.8698134467601,0.130916039204085,0.361823215402335,176.3441277522,56.6764813396156,7.52837840040042,352.156678236426,222.889726839243,14.9294918479914
12.8659072316693,0.131431589886754,0.362534949883117,176.471313980243,57.1444891027264,7.55939740341295,352.422468369675,224.773808889946,14.9924584004741
12.8619744768824,0.131946025247949,0.363243754589049,176.595704221182,57.6109231042175,7.59018597296651,352.682547049621,226.65186072795,15.0549613326621
12.8580157531638,0.132459384707923,0.363949700793836,176.717327058875,58.0757516461754,7.62074482227133,352.936979094181,228.52374941715,15.117001998318
12.8540316262002,0.132971707544673,0.364652858955847,176.836210863611,58.5389437423212,7.65107467891415,353.185817053038,230.389345550848,15.178581803016
12.8500226550443,0.133483032888295,0.365353298723709,176.952383844148,59.0004691198358,7.68117628490818,353.42911932205,232.248522326991,15.2397021731722
12.8459893940889,0.13399339971475,0.366051088940806,177.065873935176,59.4602981947758,7.71105039503541,353.666943902668,234.101155735709,15.3003645621831
12.8419323904257,0.134502846833928,0.366746297641746,177.176708934045,59.9184020877949,7.74069777783598,353.899345290438,235.947124444323,15.3605704465792
12.8378521876405,0.135011412893234,0.36743899206975,177.284916392782,60.3747526111739,7.7701192147337,354.12638231337,237.786310306539,15.4203213425187
12.8337493219441,0.135519136368603,0.368129238676586,177.39052369944,60.8293222587458,7.7993154993721,354.34810809445,239.618597995306,15.4796187936043
12.8296243247905,0.136026055557008,0.36881710312431,177.493558034355,61.2820842079722,7.82828743774602,354.564577781885,241.443874261767,15.5384643469607
12.8254777216683,0.136532208573312,0.369502650292677,177.594046355764,61.733012308984,7.85703584750534,354.775846509952,243.262029297864,15.5968595972992
12.8213100332449,0.137037633345675,0.370185944284322,177.692015450873,62.1820810833368,7.88556155789408,354.981969977387,245.072955899643,15.6548061597595
12.8171217738645,0.137542367610307,0.370867048428823,177.787491887206,62.6292657129891,7.91386540907723,355.183000004004,246.876549245841,15.7123056629459
12.8129134536458,0.138046448905413,0.371546025285445,177.880502072327,63.074542043384,7.94194825237385,355.378991160928,248.672707514345,15.7693597686889
12.808685576223,0.13854991456925,0.372222936651209,177.971072190869,63.5178865645003,7.96981094910665,355.56999724896,250.461331359867,15.8259701554081
12.804438640633,0.139052801731525,0.372897843559768,178.059228239768,63.9592764202668,7.99745437125256,355.756070983368,252.242324186495,15.8821385268639
12.8001731400601,0.139555147314039,0.373570806292514,178.144996035656,64.398689384198,8.02487939997842,355.93726299622,254.015591814159,15.937866601718
12.7958895627236,0.140056988020601,0.374241884375067,178.228401194151,64.8361038754389,8.05208692671899,356.113627718272,255.781042933727,15.9931561279732
12.7915883918442,0.140558360340182,0.374911136591303,178.3094691337,65.2714989359823,8.07907785183323,356.285215566131,257.538588602875,16.0480088672357
12.7872701055282,0.141059300536965,0.375578620979636,178.388225085411,65.7048542248106,8.10585308433422,356.452077041073,259.288142314141,16.1024265970735
12.7829351760933,0.141559844645916,0.376244394836542,178.464694132755,66.1361500223531,8.13241354226118,356.614263491041,261.029620629287,16.1564111308572
12.7785840710259,0.142060028474622,0.376908514728206,178.538901099432,66.5653672206858,8.15876015217299,356.771824869872,262.762941754012,16.2099642736809
12.7742172538269,0.142559887594805,0.377571036488242,178.610870678489,66.9924873090342,8.18489384836689,356.924813148751,264.488026700493,16.2630878587214
12.7698351809519,0.143059457342183,0.378232015226346,178.680627361755,67.4174923704206,8.21081557279303,357.073278058629,266.204799382713,16.3157837501823
12.7654383057741,0.143558772807049,0.378891505324478,178.748195461649,67.840365091776,8.23652627578981,357.217266847109,267.913185604287,16.3680538123592
12.7610270755835,0.144057868840252,0.379549560453246,178.813599091664,68.2610887274709,8.26202691398853,357.356828694207,269.613113747167,16.4198999310948
12.7566019338675,0.144556780041022,0.380206233564131,178.876862171202,68.6796471185989,8.28731845162227,357.492013549308,271.30451432064,16.4713240002327
12.7521633171112,0.145055540756874,0.380861576897531,178.938008479906,69.0960246755333,8.31240185960312,357.622868610863,272.987320459874,16.5223279370637
12.7477116594569,0.145554185085184,0.381515641992808,178.997061599482,69.510206372991,8.33727811536781,357.749442393953,274.661467476247,16.5729136688829
12.7432473892305,0.146052746863475,0.38216847968334,179.054044936955,69.9221777451331,8.36194820272962,357.871783232013,276.326892850177,16.6230831331067
12.7387709292001,0.146551259670928,0.382820140106196,179.108981661937,70.3319248709063,8.38641311115225,357.989936183751,277.983536775615,16.6728382939323
12.7342826989103,0.147049756822672,0.383470672702193,179.161894849548,70.7394343798857,8.41067383625626,358.103950313013,279.631340989691,16.7221811074301
12.7297831116319,0.147548271369151,0.384120126222451,179.212807362111,71.1446934398223,8.43473137923326,358.213870275864,281.270250077343,16.7711135610413
12.7252725776665,0.148046836095683,0.384768548735058,179.261741889328,71.5476897497684,8.45858674660066,358.31974168914,282.900210572023,16.8196376468705
12.7207515016373,0.148545483514429,0.385415987621724,179.308720938218,71.9484115325795,8.4822409499247,358.421613533265,284.521170906268,16.8677553606361
12.7162202839478,0.149044245867486,0.386062489588779,179.353766832746,72.3468475265533,8.50569500549798,358.519528865591,286.133081855696,16.9154687152232
12.7116793196722,0.149543155121134,0.386708100666554,179.396901738642,72.742986985583,8.52894993452201,358.613530048479,287.735896686211,16.9627797452602
12.7071290009316,0.15004224296606,0.3873528662164,179.438147688492,73.1368196773553,8.55200676317292,358.703667232363,289.329569864524,17.009690469392
12.7025697141025,0.150541540815145,0.38799683093441,179.477526462107,73.5283358466614,8.57486652063234,358.789981976936,290.914058539993,17.0562029344164
12.6980018410684,0.151041079797031,0.388640038849616,179.515059727439,73.9175262460169,8.5975302410644,358.872517615299,292.489321606637,17.1023191879533
12.6934257602269,0.151540890761726,0.389282533337582,179.550768931653,74.304382107333,8.61999896214222,358.951317180904,294.055320696607,17.1480413078756
12.6888418450451,0.152041004273194,0.389924357117113,179.584675429066,74.6888951533951,8.64227372590079,359.026429474502,295.612017510373,17.1933713247395
12.6842504648667,0.152541450613004,0.390565552261082,179.61680035975,75.0710575629035,8.66435557689685,359.097888710728,297.159378402245,17.2383113558795
12.6796519845166,0.15304225977124,0.391206160190813,179.64716468244,75.4508619852159,8.6862455632578,359.165744562447,298.697369405541,17.2828634608256
12.6750467647247,0.153543461451777,0.391846221688786,179.675789206746,75.8283015311383,8.70794473633924,359.230036736441,300.225959012904,17.3270297227454
12.6704351609658,0.154045085064486,0.392485776894509,179.70269458641,76.2033697636113,8.72945415038141,359.290808390739,301.745118426972,17.3708122558207
12.6658175268225,0.154547159733352,0.393124865320615,179.727901312503,76.5760606935004,8.7507748624622,359.348097525582,303.254820145949,17.4142131647097
12.661194209973,0.155049714287048,0.393763525846476,179.751429658227,76.9463687605272,8.77190793160343,359.401949823994,304.755037659909,17.4572345364296
12.6565655540179,0.155552777257885,0.394401796722435,179.773299852093,77.3142888546165,8.79285442018782,359.452404635186,306.245747619281,17.4998785029863
12.6519318983799,0.156056376887003,0.395039715581867,179.79353183346,77.6798162780585,8.81361539199769,359.499502869433,307.726927237125,17.5421471672405
12.6472935800867,0.156560541118672,0.395677319439303,179.812145453235,78.0429467593175,8.83419191320392,359.543281814792,309.198556529524,17.5840426674165
12.6426509296792,0.157065297598818,0.396314644693857,179.829160383619,78.4036764386904,8.8545850517509,359.583787882677,310.660616399516,17.625567122777
12.6380042751633,0.157570673676055,0.39695172713575,179.844596171072,78.7620018696633,8.87479587763365,359.621051955606,312.113090189264,17.6667226782237
12.6333539406717,0.158076696403108,0.39758860195321,179.858472122219,79.1179199920525,8.89482546158453,359.655123327269,313.555961891061,17.70751145393
12.6287002459553,0.158583392528416,0.398225303726943,179.870807467619,79.4714281590413,8.91467487679956,359.686034103185,314.989217857198,17.7479355942374
12.6240435065369,0.15909078850637,0.398861866447985,179.88162125259,79.8225240932171,8.93434519666758,359.713824253569,316.412845954318,17.7879972440496
12.6193840346307,0.159598910485906,0.399498323508255,179.890932366444,80.1712059131822,8.95383749646944,359.738533064357,317.826835646664,17.8276985515984
12.6147221383682,0.160107784317691,0.400134707714403,179.898759538556,80.5174721075542,8.9731528521225,359.760198553834,319.231177516182,17.8670416554107
12.6100581219587,0.160617435551733,0.400771051289553,179.905121336129,80.8613215310468,8.99229234016815,359.778858116652,320.625864287815,17.9060287134757
12.6053922865697,0.1611278894342,0.401407385874002,179.910036223348,81.2027534119309,9.01125703838986,359.794551684807,322.010889314857,17.9446618612571
12.6007249283365,0.161639170911561,0.402043742535015,179.913522469232,81.5417673291198,9.0300480247405,359.807311460713,323.3862490021,17.9829432797332
12.5960563409835,0.16215130462754,0.402680151767553,179.915598165056,81.8783631996731,9.04866637685759,359.817177954755,324.751939429602,18.0208751016592
12.5913868137171,0.162664314919715,0.403316643494557,179.916281327309,82.2125413118743,9.0671131740965,359.824184645739,326.107959619726,18.0584595029511
12.5867166314815,0.163178225829492,0.403953247083734,179.915589768357,82.5443022716231,9.08538949476703,359.828373575355,327.454308190613,18.0956986101839
12.5820460782063,0.163693061091638,0.404589991338933,179.913541190555,82.8736470312103,9.10349641792703,359.829776769404,328.790987249709,18.1325946088724
12.5773754311614,0.164208844141588,0.405226904513493,179.910153094065,83.2005768603129,9.12143502198601,359.828431075442,330.117998374819,18.1691496326828
12.5727049653188,0.164725598108459,0.405864014305849,179.905442869518,83.5250933510446,9.1392063851871,359.824367995071,331.435346149129,18.2053658614467
12.5680349523957,0.165243345822715,0.406501347873183,179.899427773478,83.8471984141518,9.15681158559855,359.81762779785,332.743034954177,18.2412454331983
12.5633656600689,0.165762109809965,0.407138931827901,179.892124899291,84.1668942690032,9.17425170076575,359.808242842276,334.041071794954,18.2767905222704
12.5586973531442,0.166281912296216,0.407776792248181,179.883551191467,84.484183433469,9.19152780735983,359.796245884684,335.329464256582,18.3120032835455
12.5540302925964,0.166802775205143,0.408414954678624,179.87372345549,84.7990687299865,9.2086409817077,359.781672886398,336.608220626655,18.3468858563696
12.5493647358202,0.167324720159365,0.409053444135806,179.862658366529,85.1115532698951,9.22559229913695,359.764560329623,337.877350992948,18.3814403949459
12.544700937191,0.167847768481574,0.409692285113564,179.850372463396,85.4216404538287,9.24238283419534,359.744937849724,339.136867196209,18.4156690672972
12.5400391471181,0.168371941192645,0.410331501584566,179.836882090591,85.7293339530228,9.25901365983563,359.722842366791,340.386781035186,18.4495740068758
12.5353796135653,0.168897259014713,0.410971117007891,179.822203531976,86.0346377277338,9.27548584860835,359.698302151389,341.627106684839,18.4831573786742
12.5307225805732,0.16942374237097,0.411611154332544,179.80635287779,86.3375559956062,9.29180047114693,359.67135606219,342.857858484646,18.5164213195921
12.5260682884976,0.169951411385012,0.412251636000407,179.789346103445,86.6380932438585,9.30795859702107,359.642029497807,344.079052351455,18.5493679771429
12.5214169757664,0.170480285883458,0.412892583953089,179.771199036704,86.936254226416,9.32396129477252,359.610362736923,345.290704861699,18.5819994850312
12.516768876182,0.171010385396133,0.413534019635789,179.751927382304,87.2320439373951,9.33980963068279,359.576381488116,346.492834211704,18.6143179894323
12.5121242219394,0.171541729155622,0.414175964000353,179.731546698824,87.5254676207331,9.35550466948379,359.540116676483,347.685459933102,18.6463256416137
12.5074832400026,0.172074336097823,0.4148184375095,179.710072382493,87.8165307650581,9.37104747427192,359.501605162797,348.868600969068,18.6780245467519
12.5028461555131,0.172608224865182,0.415461460144238,179.6875197467,88.1052391050973,9.38643910676979,359.460873341976,350.042278846342,18.7094168494462
12.4982131906493,0.173143413806335,0.416105051406896,179.663903953777,88.3915985925742,9.4016806259612,359.417958123826,351.20651505133,18.7405046637312
12.4935845635519,0.173679920975868,0.416749230324266,179.639240024748,88.6756154227714,9.41677308969327,359.372883373255,352.361333090426,18.771290128556
12.4889604904842,0.17421776413719,0.41739401545445,179.613542854146,88.9572959996034,9.43171755300186,359.325680889199,353.506756972882,18.8017753675785
12.4843411835737,0.174756960762259,0.418039424889877,179.586827206659,89.2366469441091,9.44651506874938,359.276381401882,354.642810754001,18.8319624775009
12.4797268530429,0.175297528031398,0.4186854762604,179.559107701402,89.513675098186,9.46116668800344,359.225019646349,355.769520023997,18.8618535680881
12.4751177048346,0.175839482838419,0.419332186742705,179.53039887052,89.7883875086286,9.47567345937104,359.17161624342,356.886911809052,18.8914507597763
12.4705139424748,0.176382841787949,0.419979573060344,179.500715067089,90.0607914182416,9.49003642870993,359.116208033659,357.995012709692,18.9207561347239
12.4659157676008,0.176927621198097,0.420627651490124,179.470070555107,90.3308942773027,9.50425663991154,359.058819153898,359.093852017496,18.9497718196683
12.4613233775674,0.177473837100867,0.421276437865764,179.438479480129,90.5987037192758,9.51833513379707,358.999478520554,360.183457858222,18.978499884296
12.4567369675689,0.178021505244782,0.421925947584149,179.40595578703,90.864227569633,9.5322729487585,358.938217237437,361.263860289949,19.0069424234922
12.4521567289884,0.178570641094144,0.422576195607543,179.372513380662,91.1274738372186,9.54607112047771,358.875064945684,362.335089011857,19.0351014972828
12.4475828516837,0.179121259831594,0.42322719646969,179.338166015265,91.3884507101814,9.55973068188542,358.810047761797,363.397176429792,19.0629792118072
12.4430155223043,0.179673376359453,0.423878964280433,179.302927297538,91.6471665442229,9.57325266271725,358.743190014541,364.450154568086,19.0905776384081
12.4384549240013,0.18022700530034,0.424531512729433,179.266810755187,91.9036298793181,9.58663809055698,358.674523378202,365.494055475701,19.1178988248108
12.4339012385359,0.180782161000388,0.42518485509292,179.229829743578,92.1578493981356,9.59988798883277,358.604071790726,366.528913362685,19.1449448513879
12.4293546432029,0.181338857526439,0.425839004233336,179.191997531182,92.4098339685066,9.61300337919979,358.531865945398,367.55476105405,19.1717177387434
12.4248153141593,0.181897108672877,0.426493972610255,179.153327266709,92.6595925955252,9.6259852792078,358.457930246493,368.571634543735,19.1982195670259
12.4202834239947,0.182456927959222,0.427149772280429,179.113831941734,92.9071344387533,9.63883470336292,358.3822935085,369.579568822817,19.224452367306
12.4157591427148,0.183018328631754,0.427806414902528,179.07352449832,93.1524688239948,9.65155266389791,358.304979577142,370.578599692557,19.2504181692907
12.4112426384262,0.183581323668772,0.428463911746103,179.032417703594,93.3956051968206,9.66414016852097,358.226013887658,371.568764590032,19.2761190230303
12.4067340753126,0.184145925776351,0.429122273689389,178.990524179567,93.6365531432693,9.67659822165152,358.145425162729,372.550099545916,19.3015569202569
12.4022336169449,0.18471214739408,0.429781511228764,178.947856544326,93.8753224070468,9.68892782546381,358.063236253808,373.522643614913,19.3267339096629
12.397741421431,0.185280000696392,0.430441634482995,178.904427202713,94.1119228506691,9.70112997803189,357.979476038292,374.48643374009,19.3516519641112
12.393257647787,0.185849497593457,0.431102653196958,178.86024847179,94.3463644516337,9.71320567329003,357.894164362875,375.441510404973,19.3763131272431
12.3887824493445,0.186420649730126,0.431764576743074,178.815332571255,94.5786573308011,9.72515590264758,357.807329481103,376.387912173428,19.4007193725755
12.3843159795132,0.186993468491638,0.432427414130554,178.769691576105,94.8088117118726,9.73698165305207,357.718996709482,377.325679097317,19.4248726919204
12.3798583876738,0.18756796500298,0.433091174007253,178.723337472364,95.0368379420276,9.74868390820154,357.629190264863,378.25485120503,19.4487750566721
12.3754098203901,0.188144150131757,0.433755864665548,178.676282115014,95.2627464767555,9.76026364791216,357.537934924202,379.175469857087,19.472428452997
12.3709704244481,0.188722034489529,0.434421494046426,178.628537289922,95.4865478888016,9.77172184872255,357.445250394899,380.087576516687,19.4958348504671
12.3665403406479,0.18930162843185,0.435088069742035,178.580114601535,95.7082528468181,9.78305948294388,357.351161872372,380.991213005235,19.5189962089559
12.3621197100323,0.189882942063141,0.435755599003778,178.531025625244,95.9278721087391,9.79427751846654,357.255693823594,381.886422000463,19.5419144916884
12.3577086706731,0.190465985234493,0.436424088742238,178.481281762632,96.1454165555807,9.80537692062782,357.158873894316,382.773244353208,19.5645915968928
12.3533073569499,0.19105076755029,0.437093545537211,178.430894352402,96.3608971402467,9.816358649736,357.060718505852,383.651725167686,19.5870295136268
12.3489159027722,0.191637298364829,0.43776397563622,178.379874584622,96.5743249129772,9.82722366250902,356.961251553694,384.521907075742,19.6092301500019
12.3445344393334,0.192225586788212,0.438435384963637,178.328233560372,96.7857110182856,9.83797291205285,356.860500795354,385.383833695572,19.6311954219699
12.3401630946309,0.192815641686548,0.439107779123245,178.275982297524,96.9950666710179,9.84860734677842,356.758484962918,386.237549694458,19.6529272551052
12.3358019956707,0.193407471682729,0.439781163401445,178.223131701828,97.2024031796386,9.8591279117191,356.65522362357,387.083099662569,19.6744275561595
12.3314512659054,0.194001085160316,0.440455542773974,178.1696925429,97.4077319092082,9.86953554678274,356.550743989133,387.920527677679,19.6956982023405
12.3271110279446,0.194596490262939,0.441130921907476,178.115675493314,97.611064314386,9.87983118855712,356.445063268702,388.749879747931,19.7167411036391
12.3227814011747,0.195193694898213,0.441807305166192,178.061091138226,97.8124119096449,9.89001576892802,356.338206565661,389.571201005614,19.7375581317856
12.3184625038655,0.195792706738904,0.442484696615492,178.005949985876,98.0117862906034,9.90009021628608,356.230194761417,390.384537301207,19.7581511610071
12.3141544508467,0.196393533225651,0.443163100027125,177.950262381787,98.2091991015793,9.91005545401131,356.121047372322,391.189934717841,19.7785220559535
12.3098573554323,0.196996181566383,0.443842518880721,177.894038600821,98.404662050202,9.91991240133712,356.010787154946,391.987439774309,19.7986726770839
12.3055713289287,0.197600658740338,0.444522956370465,177.83728882986,98.5981869085131,9.92966197352725,355.899431364425,392.777098793266,19.8186048649562
12.3012964810185,0.198206971500427,0.44520441540985,177.780023154699,98.7897854946057,9.9393050810711,355.787004985102,393.558958277492,19.8383204500152
12.2970329185648,0.198815126372225,0.44588689863263,177.72225152542,98.9794696888359,9.9488426306197,355.673525480983,394.333066252107,19.8578212866393
12.2927807469518,0.199425129659549,0.446570408401127,177.663983832186,99.1672514184522,9.95827552432911,355.559013121546,395.099469203365,19.8771091762199
12.2885400685703,0.200036987445128,0.447254946809007,177.605229888554,99.3531426490572,9.96760465954871,355.443492553743,395.858214808745,19.8961859362227
12.2843109846511,0.200650705589118,0.447940515681623,177.545999324547,99.5371553988499,9.97683092965145,355.326975360331,396.609351263451,19.9150533833945
12.2800935954826,0.201266289737173,0.448627116587008,177.48630175901,99.7193017163147,9.98595522302772,355.209486785728,397.352925318225,19.9337132847401
12.2758879962441,0.201883745316802,0.449314750833758,177.426146672524,99.8995936918778,9.99497842378251,355.091046092306,398.088986328537,19.9521674594149
12.2716942841888,0.202503077542828,0.450003419479039,177.365543457952,100.078043446324,10.0039014112657,354.971666993805,398.817581842913,19.970417668214
12.2675125509171,0.203124291417275,0.45069312333036,177.304501437933,100.254663160503,10.0127250616654,354.851378773608,399.538759719043,19.9884656669551
12.263342888561,0.20374739173443,0.451383862953063,177.24302978685,100.429465006299,10.0214502446651,354.730188368707,400.252569906159,20.0063132512255
12.2591853871864,0.204372383077887,0.452075638668893,177.181137653716,100.602461210001,10.030077826717,354.608125903629,400.95905912029,20.0239621234233
12.2550401339589,0.204999269826617,0.452768450564543,177.118834080322,100.773664016939,10.0386086693794,354.4852011244,401.658277402969,20.0414140569713
12.2509072148124,0.20562805615569,0.453462298494252,177.056127930341,100.943085676598,10.0470436286799,354.36143385869,402.350273574947,20.0586707828546
12.2467867125262,0.206258746036767,0.454157182082114,176.993028077594,101.110738487076,10.0553835574321,354.236844217823,403.035096320638,20.0757340169827
12.2426787117,0.206891343242896,0.454853100729121,176.929543282111,101.276634752166,10.063629303197,354.111449532068,403.712794759665,20.0926054746433
12.2385832905827,0.20752585134845,0.455550053614803,176.865682211729,101.440786784708,10.0717817085513,353.985268286101,404.383417934572,20.1092868579314
12.2345005288941,0.208162273731297,0.45624803970132,176.801453417146,101.603206926794,10.0798416121879,353.858318233983,405.047014886437,20.1257798578449
12.2304305030789,0.20880061357546,0.45694705773805,176.736865379444,101.763907515345,10.0878098473031,353.730611085501,405.703635500658,20.1420861754848
12.226373288758,0.209440873872868,0.457647106265152,176.671926508212,101.922900904044,10.0956872427807,353.602172851269,406.353328291734,20.1582074672262
12.2223289589106,0.210083057424481,0.458348183616431,176.606645104366,102.080199458749,10.1034746230566,353.47301282831,406.996143061791,20.174145410941
12.2182975852322,0.210727166844298,0.459050287925297,176.541029390313,102.235815538871,10.1111728072895,353.343148828447,407.632130135435,20.1899016871166
12.2142792380564,0.211373204557898,0.459753417124765,176.47508753608,102.389761522798,10.1187826107096,353.212603972955,408.261336757375,20.2054778898539
12.2102739855128,0.21202117280958,0.460457568956772,176.408827544928,102.542049773121,10.126304842988,353.081389295499,408.883814258865,20.2208757045501
12.2062818948145,0.212671073658694,0.461162740969708,176.34225738245,102.692692650664,10.1337403090204,352.949521622492,409.499611554713,20.236096747019
12.2023030306513,0.213322908984667,0.46186893052539,176.275384965375,102.841702524247,10.1410898094952,352.817017682647,410.108777834323,20.2511426303387
12.198337457253,0.21397668048891,0.462576134802596,176.208218068547,102.989091756771,10.1483541402915,352.683894671309,410.711363020965,20.2660149763333
12.1943852346518,0.214632389696607,0.463284350800463,176.140764378286,103.134872691328,10.1555340918796,352.550164611579,411.307416162828,20.2807153760125
12.1904464252402,0.21529003795822,0.463993575341535,176.073031589178,103.279057680988,10.1626304508719,352.415846161319,411.896987133813,20.2952454317215
12.1865210870481,0.215949626451485,0.464703805075324,176.005027230883,103.421659054907,10.1696439984351,352.280955807022,412.480124399614,20.3096067022386
12.1826092775378,0.216611156183716,0.465415036482188,175.936758734588,103.562689129217,10.1765755109082,352.145504434841,413.05687848825,20.3238007884414
12.1787110517249,0.217274627993695,0.466127265876708,175.86823355339,103.702160229363,10.1834257609786,352.009510370385,413.627298303948,20.3378292426686
12.174826464209,0.217940042554344,0.466840489411902,175.799458955097,103.840084629664,10.1901955147909,351.872990883285,414.191432802289,20.3516936101713
12.1709555686154,0.218607400372274,0.467554703080051,175.730442208991,103.976474615055,10.196885535057,351.735954335738,414.749331775295,20.3653954485371
12.1670984143346,0.219276701792381,0.468269902718914,175.661190415337,104.111342439296,10.20349657908,351.598418339547,415.301044002837,20.3789362824176
12.1632550524343,0.219947946998558,0.468986084013756,175.591710694609,104.24470033216,10.210029399182,351.460399678541,415.846618284906,20.3923176290707
12.159425531411,0.220621136015563,0.469703242500585,175.522010021632,104.376560504476,10.2164847430256,351.321910019972,416.386104116945,20.4055410150514
12.1556098968503,0.221296268710978,0.47042137356946,175.452095323424,104.506935160914,10.222863354311,351.182964876279,416.919550815262,20.4186079548842
12.1518081952261,0.221973344798623,0.471140472469329,175.38197343234,104.635836450934,10.2291659704462,351.04357785967,417.447006411656,20.4315199241676
12.1480204701473,0.22265236383755,0.471860534308126,175.311651139216,104.763276522768,10.2353933252596,350.903761707195,417.96851992857,20.4442784154533
12.1442467646357,0.223333325236627,0.472581554058796,175.241135126226,104.889267487092,10.2415461472911,350.763531083891,418.484140284881,20.4568849115617
12.1404871198393,0.224016228255463,0.473303526561405,175.170432011628,105.013821419236,10.2476251599693,350.622899829977,418.993915185871,20.4693408586078
12.1367415758728,0.224701072005227,0.474026446525114,175.099548317862,105.136950374172,10.2536310824104,350.481883459941,419.497894139313,20.4816477398502
12.1330101710414,0.225387855452981,0.474750308533845,175.028490567372,105.258666372944,10.2595646288205,350.340488040508,419.996125138775,20.4938069947673
12.1292929422784,0.226076577421212,0.475475107046848,174.9572651241,105.378981401703,10.265426508514,350.198735885261,420.488656144303,20.5058200553965
12.1255899272579,0.226767236591016,0.476200836403104,174.88587832617,105.497907412175,10.2712174260004,350.056631704738,420.975535577807,20.5176883585312
12.1219011587553,0.227459831503749,0.476927490824076,174.814336417345,105.615456327387,10.276938081325,349.914193533665,421.456811008481,20.5294133137915
12.1182266715304,0.22815436056243,0.477655064416185,174.742645591816,105.731640019673,10.2825891690601,349.771434643295,421.932530249538,20.5409963304981
12.1145664966601,0.228850822034121,0.478383551174286,174.670811970022,105.846470340778,10.2881713798312,349.628362832554,422.402741395611,20.5524388186806
12.11092066626,0.229549214051565,0.479112944984338,174.598841566028,105.959959084871,10.2936853985767,349.484993717766,422.867491722691,20.5637421624249
12.1072892087324,0.230249534614827,0.479843239626055,174.526740376536,106.072118013917,10.2991319058413,349.341337693316,423.326828591145,20.5749077419838
12.103672152118,0.230951781593636,0.480574428776268,174.454514311642,106.18295886686,10.3045115782778,349.197411150481,423.780798401297,20.5859369085135
12.1000695255712,0.231655952729187,0.481306506011696,174.382169171372,106.292493304855,10.3098250860456,349.053218622308,424.229450467189,20.5968310782797
12.0964813543108,0.232362045635141,0.48203946481086,174.309710786712,106.400732984672,10.3150730964289,348.908777381982,424.672829622253,20.6075915531693
12.0929076626198,0.233070057800366,0.482773298557787,174.237144806312,106.507689479681,10.3202562700584,348.764098057945,425.11098227197,20.6182196678561
12.0893484745505,0.23377998658986,0.483508000543796,174.164476867434,106.613374355082,10.325375264613,348.619195227304,425.543956841068,20.6287168006415
12.0858038122362,0.234491829247844,0.484243563971524,174.091712569705,106.717799109531,10.3304307320426,348.474074371826,425.97179818167,20.6390842379615
12.0822736979229,0.235205582898291,0.484979981956257,174.018857386561,106.820975191436,10.3354233194115,348.328751446174,426.394552745308,20.6493232999367
12.0787581508947,0.23592124454671,0.48571724752855,173.945916777836,106.922914014296,10.3403536696912,348.183232571643,426.812267936145,20.6594353247165
12.0752571908081,0.23663881108314,0.48645535363807,173.87289605827,107.023626931965,10.3452224206135,348.037531034661,427.224988302409,20.6694215763869
12.0717708362859,0.237358279282818,0.487194293155018,173.799800596559,107.123125255516,10.3500302055364,347.891661345165,427.632758981472,20.6792833285264
12.0682991031001,0.238079645807926,0.487934058872637,173.726635623732,107.221420248201,10.3547776532479,347.74562994505,428.035626477788,20.6890218830613
12.0648420075524,0.238802907210039,0.488674643510423,173.653406326268,107.318523120469,10.3594653877731,347.599453143857,428.433634504008,20.6986384698126
12.0613995655821,0.239528059931305,0.489416039716012,173.580117771627,107.414445030303,10.3640940284379,347.453131364186,428.826830333717,20.7081344001268
12.0579717893683,0.240255100306443,0.490158240067881,173.506775069856,107.509197073157,10.3686641894295,347.306682715611,429.215257820636,20.7175108982869
12.0545586915081,0.240984024563735,0.490901237077006,173.433383226544,107.602790310088,10.3731764811984,347.160117461729,429.598960433945,20.7267691750052
12.0511602856103,0.241714828827638,0.491645023190145,173.359947107046,107.695235727708,10.3776315085721,347.013443244446,429.9779839702,20.7359104929154
12.0477765808569,0.242447509120094,0.492389590791778,173.286471641252,107.786544285024,10.3820298730558,346.866667793174,430.352372767029,20.7449360752698
12.0444075867844,0.243182061362609,0.493134932206803,173.212961644751,107.87672685633,10.3863721701242,346.719806524257,430.722169694742,20.753847105892
12.0410533137299,0.24391848137654,0.493881039701404,173.139421820721,107.965794273024,10.3906589912779,346.572864082466,431.087419719278,20.7626448151308
12.0377137675459,0.2446567648864,0.494627905486943,173.065856890098,108.053757319484,10.3948909238858,346.425854862024,431.448164677068,20.7713303540497
12.0343889561929,0.245396907520722,0.495375521721373,172.99227149389,108.140626713052,10.3990685502622,346.27878291056,431.804449825845,20.7799049522813
12.0310788842822,0.246138904813857,0.496123880511568,172.918670193409,108.226413115873,10.4031924482763,346.13166418838,432.156317700559,20.7883697701517
12.0277835587908,0.246882752207623,0.49687297391549,172.84505750718,108.311127117609,10.4072631905612,345.984499981718,432.503810734525,20.7967259619038
12.0245029807702,0.247628445051744,0.497622793943107,172.771437895167,108.394779280859,10.4112813467344,345.837309885304,432.846970988742,20.8049746692646
12.0212371560215,0.248375978608183,0.498373332561227,172.697815777725,108.477380088101,10.4152474808859,345.690090617574,433.185842865662,20.8131170867235
12.0179860854104,0.249125348050057,0.499124581692845,172.624195512483,108.558939961915,10.4191621525877,345.542862116222,433.520466960164,20.8211543138262
12.0147497699612,0.24987654846412,0.499876533220074,172.550581367747,108.639469277441,10.4230259175271,345.395624884078,433.850885430541,20.829087484346
12.0115282112897,0.250629574853073,0.500629178986876,172.47697756523,108.718978336049,10.4268393262795,345.248392840566,434.177139918673,20.8369177163676
12.008321407441,0.25138442213589,0.501382510799778,172.403388331775,108.797477387314,10.4306029253976,345.101175462874,434.499271254301,20.8446461052785
12.0051293577821,0.252141085150048,0.502136520430498,172.329817745486,108.874976597362,10.4343172559282,344.953977525132,434.817322918639,20.8522738069171
12.0019520598849,0.252899558652781,0.502891199617552,172.256269901425,108.951486114182,10.4379828565764,344.806804203951,435.131334270926,20.8598018751599
11.998789510886,0.253659837323144,0.503646540068671,172.182748843162,109.027015997085,10.4416002603569,344.659673228715,435.441346154289,20.8672313964812
11.9956417067729,0.254421915763066,0.504402533462181,172.109258502407,109.10157623631,10.4451699955678,344.512586226023,435.747399232691,20.8745634501105
11.9925086419398,0.255185788498735,0.505159171448698,172.035802778513,109.17517676203,10.4486925862536,344.365548942869,436.049533718852,20.8817991015825
11.9893903131604,0.255951449981815,0.505916445652654,171.962385591405,109.247827465719,10.4521685532582,344.218576605244,436.347789554791,20.888939407131
11.9862867126496,0.256718894592092,0.506674347675202,171.889010702225,109.319538161979,10.4555984124286,344.071673417176,436.642205965611,20.8959854030771
11.9831978323987,0.257488116638113,0.507432869095127,171.815681890394,109.390318586858,10.4589826745653,343.924847706503,436.932823766423,20.9029381610917
11.9801236672074,0.25825911035851,0.508192001470419,171.742402846572,109.460178428925,10.4623218469384,343.778107248473,437.219680429224,20.9097986702221
11.9770642068373,0.259031869923041,0.508951736339548,171.669177260683,109.529127311551,10.4656164324683,343.631453989695,437.502816861915,20.9165679991225
11.9740194410859,0.259806389435562,0.509712065224635,171.596008689816,109.597174786041,10.4688669294265,343.484902575055,437.782270949509,20.9232471416248
11.9709893613341,0.26058266293383,0.510472979631469,171.52290072964,109.664330354859,10.4720738325729,343.338460105709,438.058080862867,20.9298370959467
11.9679739562609,0.26136068439194,0.511234471052119,171.449856893198,109.730603436227,10.475237631492,343.192131047259,438.330285073017,20.9363388650694
11.9649732141168,0.262140447720989,0.511996530965776,171.376880572313,109.796003384717,10.4783588116039,343.045922962734,438.598921272195,20.9427534310127
11.9619871231644,0.262921946770715,0.512759150840543,171.30397525678,109.860539525772,10.481437855837,342.899841207811,438.864027827121,20.9490817895945
11.9590156698099,0.263705175331586,0.513522322135646,171.231144272124,109.92422107514,10.4844752408092,342.753894965561,439.12564193277,20.9553249063996
11.9560588411898,0.264490127134996,0.51428603630178,171.158390927161,109.987057206326,10.487471440072,342.608092339013,439.383800386898,20.9614837353394
11.9531166220276,0.265276795854876,0.515050284782831,171.085718534963,110.049057031834,10.4904269232398,342.462435259436,439.638540722005,20.9675592457016
11.9501889986335,0.266065175109833,0.515815059018087,171.013130257707,110.110229584328,10.4933421551157,342.316937411725,439.889898517547,20.9735523580901
11.9472759537501,0.266855258463437,0.516580350442636,170.940629307645,110.170583840502,10.4962175968537,342.171599044541,440.137911851592,20.979464050628
11.9443774718977,0.267647039426141,0.517346150489342,170.868218807421,110.23012870095,10.4990537050227,342.026431817009,440.382615795051,20.9852952277315
11.9414935363943,0.268440511456027,0.518112450589664,170.795901825016,110.28887301975,10.501850933038,341.881435725759,440.624046426486,20.9910468158805
11.9386241286275,0.269235667961091,0.518879242175953,170.723681426849,110.346825565059,10.5046097293074,341.736617162844,440.862239835949,20.996719739901
11.9357692320003,0.270032502299306,0.519646516681586,170.651560558758,110.403995044648,10.5073305384692,341.591989867798,441.09723087902,21.0023148933402
11.9329288262209,0.270831007780633,0.520414265542974,170.579542259781,110.4603901247,10.5100138023078,341.447555453527,441.329053915986,21.0078331561345
11.9301028919226,0.271631177668359,0.521182480200898,170.507629342161,110.516019376577,10.5126599572409,341.3033198269,441.557745395812,21.0132754561447
11.9272914103191,0.272433005179428,0.521951152100872,170.435824707039,110.570891313638,10.5152694360933,341.159289227043,441.78333862365,21.0186426446536
11.9244943592717,0.273236483486883,0.522720272695524,170.364131192078,110.625014385209,10.5178426678292,341.015468649301,442.005869690649,21.0239356375216
11.9217117179678,0.274041605719971,0.523489833444711,170.292551533526,110.678396976125,10.5203800775506,340.871867248329,442.225369966769,21.0291552366416
11.9189434653232,0.274848364966085,0.524259825817395,170.221088493578,110.731047413277,10.5228820868276,340.728482099106,442.441875685132,21.0343023579374
11.9161895787651,0.275656754271797,0.52503024129263,170.149744774318,110.782973948531,10.5253491129051,340.58532887952,442.655419116069,21.0393778215058
11.9134500340687,0.276466766643488,0.525801071360156,170.078522999617,110.834184768111,10.5277815691679,340.4424079368,442.866034183129,21.0443824851937
11.9107248099796,0.277278395049539,0.52657230752247,170.007425802991,110.884687988105,10.5301798649456,340.299731700423,443.073752046107,21.0493171396629
11.9080138807424,0.278091632420103,0.527343941294581,169.936455726228,110.934491661183,10.5325444058491,340.157289052618,443.278608409624,21.0541826820616
11.9053172224872,0.278906471649507,0.528115964206259,169.865615318919,110.983603802981,10.5348755950405,340.015101601412,443.480633834538,21.0589798858952
11.9026348103227,0.279722905597147,0.528888367802835,169.794907091313,111.032032324772,10.5371738300539,339.873166267475,443.679861228447,21.0637095789998
11.8999666185677,0.280540927087802,0.529661143645446,169.724333435531,111.079785092056,10.5394395055931,339.731487163724,443.876322715111,21.0683725692117
11.8973126202107,0.281360528913304,0.530434283312555,169.653896791825,111.126869900666,10.5416730124144,339.590081301379,444.07004783222,21.0729696016537
11.8946727903517,0.282181703833863,0.531207778401129,169.583599526491,111.173294489316,10.5438747379375,339.448934413949,444.261072266031,21.0775015660308
11.8920471010456,0.283004444578865,0.531981620527312,169.513443993719,111.219066521308,10.5460450653934,339.308067284191,444.44942309595,21.0819691465468
11.8894355243857,0.283828743847585,0.53275580132701,169.443432451563,111.26419359996,10.5481843745717,339.167478337362,444.635133497372,21.0863731707796
11.8868380335018,0.28465459431101,0.533530312457511,169.373567176607,111.308683261607,10.5502930415039,339.027173470818,444.81823389978,21.0907143999387
11.8842545664163,0.285481988659288,0.534305145641784,169.303850391912,111.352542979876,10.5523714386803,338.887152782137,444.998754199449,21.0949935814034
