0	0.0471572264074	0
1	0.0569847112158	0.218812709361
2	0.0687025809831	0.265969935769
3	0.082601503808	0.322954646985
4	0.098983027213	0.391657227968
5	0.118142444445	0.474258731776
6	0.140342761506	0.573241758989
7	0.165777926258	0.691384203433
8	0.194524329024	0.831726964939
9	0.226481428784	0.997504891197
10	0.261305499656	1.19202922022
11	0.298344965753	1.418510649
12	0.336591050596	1.67981614866
13	0.37466204869	1.97816111441
14	0.410840975024	2.31475216501
15	0.443181749018	2.6894142137
16	0.469686461133	3.10025518872
17	0.488536628	3.54343693774
18	0.498339973125	4.01312339888
19	0.498339973125	4.50166002688
20	0.488536628	5.0
21	0.469686461133	5.49833997312
22	0.443181749018	5.98687660112
23	0.410840975024	6.45656306226
24	0.37466204869	6.89974481128
25	0.336591050596	7.3105857863
26	0.298344965753	7.68524783499
27	0.261305499656	8.02183888559
28	0.226481428784	8.32018385134
29	0.194524329024	8.581489351
30	0.165777926258	8.80797077978
31	0.140342761506	9.0024951088
32	0.118142444445	9.16827303506
33	0.098983027213	9.30861579657
34	0.082601503808	9.42675824101
35	0.0687025809831	9.52574126822
36	0.0569847112158	9.60834277203
37	0.0471572264074	9.67704535302
38	0.0389506097404	9.73403006423
39	0.0321217826882	9.78118729064
40	0.02645596709	9.82013790038
41	0.0217663311737	9.85225968307
42	0.0178923071374	9.87871565016
43	0.0146972022888	9.90048198133
44	0.0120655202483	9.91837428847
45	0.00990025738509	9.93307149076
46	0.00812033261505	9.94513701101
47	0.00665823574728	9.95503726839
48	0.00545793168074	9.96315760101
49	0.00447302767585	9.96981583675
50	0.00366519308876	9.97527376843
51	0.00300281129745	9.97974679611
52	0.00245983917569	9.9834119892
53	0.0020148483846	9.9864148005
54	0.00165022360564	9.98887463967
55	0.00135149474402	9.99088948806
56	0.00110678252355	9.99253971166
57	0.000906339420935	9.99389120641
58	0.000742170345196	9.99499798893
59	0	9.99590432835
60	0	9.96981583675
61	0	9.96981583675
62	0	9.96981583675
63	0	9.96981583675
64	0	9.96981583675
65	0	9.96981583675
66	0	9.96981583675
67	0	9.96981583675
68	0	9.96981583675
69	0	9.96981583675
70	0	9.96981583675
71	0	9.96981583675
72	0	9.96981583675
73	0	9.96981583675
74	0	9.96981583675
75	0	9.96981583675
76	0	9.96981583675
77	0	9.96981583675
78	0	9.96981583675
79	0	9.96981583675
80	0	9.96981583675
81	0	9.96981583675
82	0	9.96981583675
83	0	9.96981583675
84	0	9.96981583675
85	0	9.96981583675
86	0	9.96981583675
87	0	9.96981583675
88	0	9.96981583675
89	0	9.96981583675
90	0	9.96981583675
91	0	9.96981583675
92	0	9.96981583675
93	0	9.96981583675
94	0	9.96981583675
95	0	9.96981583675
96	0	9.96981583675
97	0	9.96981583675
98	0	9.96981583675
99	0	9.96981583675
100	0	9.96981583675
101	0	9.96981583675
102	0	9.96981583675
103	0	9.96981583675
104	0	9.96981583675
105	0	9.96981583675
106	0	9.96981583675
107	0	9.96981583675
108	0	9.96981583675
109	0	9.96981583675
110	0	9.96981583675
111	0	9.96981583675
112	0	9.96981583675
113	0	9.96981583675
114	0	9.96981583675
115	0	9.96981583675
116	0	9.96981583675
117	0	9.96981583675
118	0	9.96981583675
119	0	9.96981583675
120	0	9.96981583675
121	0	9.96981583675
122	0	9.96981583675
123	0	9.96981583675
124	0	9.96981583675
125	0	9.96981583675
126	0	9.96981583675
127	0	9.96981583675
128	0	9.96981583675
129	0	9.96981583675
130	0	9.96981583675
131	0	9.96981583675
132	0	9.96981583675
133	0	9.96981583675
134	0	9.96981583675
135	0	9.96981583675
136	0	9.96981583675
137	0	9.96981583675
138	0	9.96981583675
139	0	9.96981583675
140	0	9.96981583675
141	0	9.96981583675
142	0	9.96981583675
143	0	9.96981583675
144	0	9.96981583675
145	0	9.96981583675
146	0	9.96981583675
147	0	9.96981583675
148	0	9.96981583675
149	0	9.96981583675
150	0	9.96981583675
151	0	9.96981583675
152	0	9.96981583675
153	0	9.96981583675
154	0	9.96981583675
155	0	9.96981583675
156	0	9.96981583675
157	0	9.96981583675
158	0	9.96981583675
159	0	9.96981583675
160	0	9.96981583675
161	0	9.96981583675
162	0	9.96981583675
163	0	9.96981583675
164	0	9.96981583675
165	0	9.96981583675
166	0	9.96981583675
167	0	9.96981583675
168	0	9.96981583675
169	0	9.96981583675
170	0	9.96981583675
171	0	9.96981583675
172	0	9.96981583675
173	0	9.96981583675
174	0	9.96981583675
175	0	9.96981583675
176	0	9.96981583675
177	0	9.96981583675
178	0	9.96981583675
179	0	9.96981583675
180	0	9.96981583675
181	0	9.96981583675
182	0	9.96981583675
183	0	9.96981583675
184	0	9.96981583675
185	0	9.96981583675
186	0	9.96981583675
187	0	9.96981583675
188	0	9.96981583675
189	0	9.96981583675
190	0	9.96981583675
191	0	9.96981583675
192	0	9.96981583675
193	0	9.96981583675
194	0	9.96981583675
195	0	9.96981583675
196	0	9.96981583675
197	0	9.96981583675
198	0	9.96981583675
199	0	9.96981583675
200	0	9.96981583675
201	0	9.96981583675
202	0	9.96981583675
203	0	9.96981583675
204	0	9.96981583675
205	0	9.96981583675
206	0	9.96981583675
207	0	9.96981583675
208	0	9.96981583675
209	0	9.96981583675
210	0	9.96981583675
211	0	9.96981583675
212	0	9.96981583675
213	0	9.96981583675
214	0	9.96981583675
215	0	9.96981583675
216	0	9.96981583675
217	0	9.96981583675
218	0	9.96981583675
219	0	9.96981583675
220	0	9.96981583675
221	0	9.96981583675
222	0	9.96981583675
223	0	9.96981583675
224	0	9.96981583675
225	0	9.96981583675
226	0	9.96981583675
227	0	9.96981583675
228	0	9.96981583675
229	0	9.96981583675
230	0	9.96981583675
231	0	9.96981583675
232	0	9.96981583675
233	0	9.96981583675
234	0	9.96981583675
235	0	9.96981583675
236	0	9.96981583675
237	0	9.96981583675
238	0	9.96981583675
239	0	9.96981583675
240	0	9.96981583675
241	0	9.96981583675
242	0	9.96981583675
243	0	9.96981583675
244	0	9.96981583675
245	0	9.96981583675
246	0	9.96981583675
247	0	9.96981583675
248	0	9.96981583675
249	0	9.96981583675
250	0	9.96981583675
251	0	9.96981583675
252	0	9.96981583675
253	0	9.96981583675
254	0	9.96981583675
255	0	9.96981583675
256	0	9.96981583675
257	0	9.96981583675
258	0	9.96981583675
259	0	9.96981583675
260	0	9.96981583675
261	0	9.96981583675
262	0	9.96981583675
263	0	9.96981583675
264	0	9.96981583675
265	0	9.96981583675
266	0	9.96981583675
267	0	9.96981583675
268	0	9.96981583675
269	0	9.96981583675
270	0	9.96981583675
271	0	9.96981583675
272	0	9.96981583675
273	0	9.96981583675
274	0	9.96981583675
275	0	9.96981583675
276	0	9.96981583675
277	0	9.96981583675
278	0	9.96981583675
279	0	9.96981583675
280	0	9.96981583675
281	0	9.96981583675
282	0	9.96981583675
283	0	9.96981583675
284	0	9.96981583675
285	0	9.96981583675
286	0	9.96981583675
287	0	9.96981583675
288	0	9.96981583675
289	0	9.96981583675
290	0	9.96981583675
291	0	9.96981583675
292	0	9.96981583675
293	0	9.96981583675
294	0	9.96981583675
295	0	9.96981583675
296	0	9.96981583675
297	0	9.96981583675
298	0	9.96981583675
299	0	9.96981583675
300	0	9.96981583675
301	0	9.96981583675
302	0	9.96981583675
303	0	9.96981583675
304	0	9.96981583675
305	0	9.96981583675
306	0	9.96981583675
307	0	9.96981583675
308	0	9.96981583675
309	0	9.96981583675
310	0	9.96981583675
311	0	9.96981583675
312	0	9.96981583675
313	0	9.96981583675
314	0	9.96981583675
315	0	9.96981583675
316	0	9.96981583675
317	0	9.96981583675
318	0	9.96981583675
319	0	9.96981583675
320	0	9.96981583675
321	0	9.96981583675
322	0	9.96981583675
323	0	9.96981583675
324	0	9.96981583675
325	0	9.96981583675
326	0	9.96981583675
327	0	9.96981583675
328	0	9.96981583675
329	0	9.96981583675
330	0	9.96981583675
331	0	9.96981583675
332	0	9.96981583675
333	0	9.96981583675
334	0	9.96981583675
335	0	9.96981583675
336	0	9.96981583675
337	0	9.96981583675
338	0	9.96981583675
339	0	9.96981583675
340	0	9.96981583675
341	0	9.96981583675
342	0	9.96981583675
343	0	9.96981583675
344	0	9.96981583675
345	0	9.96981583675
346	0	9.96981583675
347	0	9.96981583675
348	0	9.96981583675
349	0	9.96981583675
350	0	9.96981583675
351	0	9.96981583675
352	0	9.96981583675
353	0	9.96981583675
354	0	9.96981583675
355	0	9.96981583675
356	0	9.96981583675
357	0	9.96981583675
358	0	9.96981583675
359	0	9.96981583675
360	0	9.96981583675
361	0	9.96981583675
362	0	9.96981583675
363	0	9.96981583675
364	0	9.96981583675
365	0	9.96981583675
366	0	9.96981583675
367	0	9.96981583675
368	0	9.96981583675
369	0	9.96981583675
370	0	9.96981583675
371	0	9.96981583675
372	0	9.96981583675
373	0	9.96981583675
374	0	9.96981583675
375	0	9.96981583675
376	0	9.96981583675
377	0	9.96981583675
378	0	9.96981583675
379	0	9.96981583675
380	0	9.96981583675
381	0	9.96981583675
382	0	9.96981583675
383	0	9.96981583675
384	0	9.96981583675
385	0	9.96981583675
386	0	9.96981583675
387	0	9.96981583675
388	0	9.96981583675
389	0	9.96981583675
390	0	9.96981583675
391	0	9.96981583675
392	0	9.96981583675
393	0	9.96981583675
394	0	9.96981583675
395	0	9.96981583675
396	0	9.96981583675
397	0	9.96981583675
398	0	9.96981583675
399	0	9.96981583675
400	0	9.96981583675
401	0	9.96981583675
402	0	9.96981583675
403	0	9.96981583675
404	0	9.96981583675
405	0	9.96981583675
406	0	9.96981583675
407	0	9.96981583675
408	0	9.96981583675
409	0	9.96981583675
410	0	9.96981583675
411	0	9.96981583675
412	0	9.96981583675
413	0	9.96981583675
414	0	9.96981583675
415	0	9.96981583675
416	0	9.96981583675
417	0	9.96981583675
418	0	9.96981583675
419	0	9.96981583675
